0  233.22914732497398
1  429.53005745647886
2  363.58627606700895
3  459.99752799185694
4  232.6247804834398
5  116.12122534050701
6  243.33213275019295
7  479.2374768365753
8  1154.0299661077618
9  190.5287189181329
10  283.46424536638295
11  120.78572200907522
12  391.1357031800539
13  223.26934448906238
14  211.3022635839271
15  197.548946134085
16  159.91325227532877
17  344.4748306320213
18  265.1560124234255
19  349.2430547011033
20  335.9519170180796
21  351.1138540583066
22  422.0105442519286
23  149.81341372020447
24  138.25081747780598
25  135.16376774309012
26  509.24995246138184
27  491.445476001387
28  317.3119726475841
29  142.4129745006581
30  568.6538853032964
31  519.9016938662132
32  197.1548938677047
33  161.6607793350559
34  296.07700137582356
35  224.9949739562943
36  244.92509778041259
37  339.6212421188428
38  123.22438227760315
39  410.86213800740484
40  150.23994884471836
41  479.34834807962625
42  157.88115345465934
43  352.30202868722574
44  207.33080912592328
45  285.48420040044294
46  297.70742683713456
47  272.1460199923192
48  217.9141657625008
49  307.63091389730914
50  218.10425312170258
51  365.8719253699623
52  621.5323765953401
53  273.1010652378982
54  195.82958430740894
55  344.5239426852049
56  547.6077747079637
57  386.0342352620963
58  265.3240083071405
59  192.48119148555386
60  132.97197645067357
61  368.87250701893714
62  210.64875113253765
63  314.193800964195
64  333.9657908375372
65  440.5019630652901
66  177.62308027874408
67  124.68971637155438
68  365.7012785091889
69  309.430994433321
70  95.4378101661801
71  559.682509144193
72  478.638896656637
73  291.3012494267402
74  179.01908256059775
75  256.4974142720253
76  85.56792429614882
77  318.2308885433795
78  503.72578233651376
79  338.55982595272985
80  1234.2059671219188
81  247.4617882723161
82  221.65791210389145
83  317.5067914974851
84  707.3196198401956
85  375.11815304079374
86  144.47790293173455
87  236.17372661752478
88  291.8299907159875
89  401.1200023862522
90  126.34121542264629
91  612.2311458111952
92  105.04875038683386
93  234.75947323482586
94  159.01590586235054
95  127.74347788801767
96  316.27871425748407
97  186.85721263371403
98  576.4967766952644
99  114.86616107948085
100  641.7436419428567
101  362.5948404753116
102  310.86567264348275
103  332.76130766620804
104  174.38949601607737
105  293.86636614802967
106  88.20944955872977
107  162.25546694108567
108  201.0739961894535
109  139.26534005958175
110  280.1589243968188
111  463.4935776259028
112  112.307192686137
113  168.52740275090136
114  417.9155341289993
115  402.9003068571194
116  254.1100584258938
117  231.5577528961272
118  394.6915769025701
119  386.84395774842193
120  104.12869729272231
121  249.35108481262327
122  194.09267979851083
123  354.60493357643276
124  250.91957957218972
125  205.38059604105845
126  182.9830874375007
127  224.33122299154
128  123.50056114211996
129  576.2986282778344
130  486.41196407199027
131  183.0534296782661
132  139.83270880638918
133  461.6323493771509
134  221.64060804688987
135  353.850184375268
136  373.2957274899982
137  666.7855840538697
138  221.7316994962771
139  108.94236828074257
140  236.44749685872267
141  316.74172921257406
142  562.7978769812419
143  416.3058392337148
144  317.48445766825876
145  118.85590765203969
146  343.5493115289538
147  191.62318467727803
148  324.34247939061083
149  457.717859233491
150  662.8949527037356
151  436.742154263748
152  215.23882283195937
153  208.37706140498057
154  119.17262297588022
155  196.6631655872604
156  158.2319250716808
157  147.61022434499242
158  352.65800904538725
159  518.0237506664728
160  400.47324601141673
161  348.2805188607137
162  554.1729734566727
163  294.82635540989475
164  194.02768425409113
165  237.42046136694967
166  538.6659172343337
167  434.2455639944371
168  472.68259117161256
169  206.93849062091027
170  223.5448261205132
171  559.9387292461307
172  348.5156541873133
173  396.3654135114074
174  258.12146396572746
175  130.45273542801536
176  309.35351580705657
177  307.6952532223726
178  369.6406527891187
179  286.7569341133395
180  251.9890456109738
181  383.84003534636076
182  361.9200493655925
183  506.2901421684321
184  480.5679578528204
185  169.13524830072743
186  210.40392538487637
187  701.2068656950146
188  186.64337087952038
189  274.11214266805365
190  444.665022389757
191  444.9517156780498
192  374.6004630820684
193  640.8209751568775
194  725.9576328378131
195  435.90358049686245
196  238.69954474782162
197  334.02676330988095
198  262.3340939512235
199  140.72602841877236
200  244.1428209229576
201  359.14997967957106
202  453.95176414879774
203  107.67026841608781
204  415.01594314754124
205  314.9575433533555
206  357.27597379596796
207  684.8154196634639
208  214.2969951864819
209  391.82290280123635
210  172.21689541131158
211  372.99489565739384
212  299.7653866660701
213  166.8833719235057
214  950.1053120211184
215  308.8527682389832
216  118.05590914344731
217  440.9423869233379
218  155.51280187022516
219  172.92894561209232
220  366.431206958908
221  119.3011636708016
222  218.50210102049567
223  228.73027147347346
224  626.5901574553603
225  451.4932756158581
226  225.3085237674448
227  519.3889889374839
228  747.2599598065644
229  570.1002039499931
230  113.72931324407259
231  541.3743284005026
232  209.62603326584713
233  603.9200344515162
234  129.91718213442803
235  253.74090148134061
236  87.9494450099365
237  792.9509401460833
238  173.6633967554427
239  379.0471322095577
240  161.7396561559714
241  254.40179640048768
242  127.7112373836236
243  521.7189554180975
244  141.79003963415772
245  340.95020935634574
246  443.9238785546769
247  230.6849326815882
248  347.8477645663919
249  309.50451337233363
250  516.9471482421897
251  205.62404223666402
252  288.9259180546079
253  433.1702031670041
254  481.01942931287124
255  194.84579963684223
256  93.13619161605202
257  182.8722683937167
258  161.5609929791986
259  135.19793216332405
260  326.31513443175504
261  368.5511720599695
262  346.19689190650365
263  138.46767933244595
264  191.9402355678348
265  103.82251503525315
266  279.5649638520076
267  129.20408421978874
268  345.91758481448755
269  248.7795140248245
270  308.54210057307336
271  481.5767086870766
272  175.74987229822187
273  96.55386032221861
274  453.7055402064854
275  407.3695596246127
276  134.40079715737707
277  190.15810039410448
278  301.80848461799457
279  113.97433660324455
280  386.01086490456856
281  617.8006547279487
282  396.2946685905825
283  112.80656815919285
284  267.60004921645174
285  484.19915884609793
286  429.0006487623181
287  189.16918528129813
288  498.41953296570136
289  160.10455513174722
290  418.2253293214468
291  323.4207633769943
292  436.24856918080707
293  782.6033675984236
294  425.9513763828145
295  163.61018333128266
296  285.9038079365257
297  399.1780628852026
298  350.6764316581097
299  401.11688907282917
300  216.36403395935167
301  311.1429066788962
302  486.6513909240389
303  97.5627043694515
304  254.6078306357498
305  306.4007673292245
306  278.12966670768037
307  335.5759853543771
308  305.19071747892457
309  203.71173327665986
310  269.09183715320114
311  249.80576279907385
312  534.735338530889
313  624.8444312703438
314  327.1152746240721
315  826.9422937103611
316  351.6165628274106
317  1155.4809677744097
318  297.1585851015835
319  187.6893957189144
320  91.66106643102427
321  353.5217130308013
322  356.73917890553054
323  228.46372710223227
324  141.6367639437292
325  326.68878797030607
326  261.20150781311173
327  184.92254747336906
328  241.94204762810259
329  185.36731878465193
330  244.3477291454607
331  443.8111505091293
332  256.7702896686465
333  366.64878468920926
334  352.4076986461747
335  298.99634977983095
336  109.0731908293345
337  426.6362270369832
338  424.2375588639948
339  229.55071718064303
340  1315.439525284952
341  126.58520971055506
342  392.6701118182869
343  114.57503458201437
344  323.5059488521754
345  460.0454916611671
346  291.15306316484157
347  153.42313844364156
348  114.4636972740797
349  388.0968035406017
350  188.30191310313455
351  211.234027956436
352  241.9624687270463
353  311.60230869900784
354  225.6514132951533
355  398.97225981812284
356  236.63197279672488
357  403.0945701576791
358  399.6523789815923
359  572.5149122120185
360  483.92829684977426
361  488.51067661435553
362  589.5856123906145
363  372.55006841832494
364  374.0373784036718
365  206.1759488148902
366  360.2442030849767
367  292.26362494080973
368  228.55749189979232
369  170.01627125721936
370  411.020972919766
371  156.69646126255114
372  346.70322106762416
373  162.14392456460217
374  380.826635048825
375  153.80587838316498
376  79.8347259352058
377  383.0480568822869
378  314.9103403019355
379  431.4320160475461
380  398.6198961234587
381  183.3791456471404
382  212.3024611954378
383  334.7785520669045
384  103.25400163309135
385  561.4520829371781
386  602.2255716751863
387  249.87322289459848
388  139.95632412761975
389  286.5931067139443
390  187.53726841235928
391  245.84906581954712
392  163.45920813712002
393  481.63892275627046
394  301.4427765535807
395  157.64519412534534
396  278.3270507787012
397  232.47757482205643
398  97.28164114495364
399  182.61295734947038
400  546.0469383265661
401  382.98700983956184
402  218.5237189740607
403  122.18774957774521
404  415.3870202794152
405  191.46266074577838
406  170.11294429965363
407  816.01791180561
408  452.624254762251
409  148.06152802168506
410  194.41869032039165
411  511.7643836944404
412  201.07612890236126
413  342.6050379749667
414  566.2106501418701
415  241.7133067117072
416  322.04535370596153
417  157.96849028534356
418  1430.9148219818571
419  366.6276663571996
420  1587.3729190202944
421  494.05875773201643
422  195.62254337199806
423  359.0641715417054
424  314.2809215407732
425  518.9212201205803
426  155.0218752213808
427  439.9810330234934
428  505.74300063757676
429  179.96506004779962
430  216.47502824353194
431  767.9778153115365
432  125.21851731710682
433  612.4800803868711
434  198.33160702900415
435  616.8780587838316
436  186.7993199181217
437  533.6854173890672
438  174.2717158271906
439  299.59832664064163
440  113.18097485859592
441  339.1177801888868
442  172.93599997017185
443  224.66104033139078
444  425.5232417236198
445  164.14740327289405
446  278.38382121005355
447  411.68831071986517
448  509.4004876902943
449  190.4412590463194
450  406.1569818383836
451  162.852223875199
452  372.1060502678941
453  175.93781203043963
454  321.7601406397393
455  120.96307274713557
456  113.88943076699366
457  204.61080599396726
458  174.07966353843918
459  326.60181653449064
460  323.66129387068753
461  170.78467802373575
462  69.34902294157783
463  362.98616346573306
464  285.0989586246239
465  409.52059074656137
466  501.16844703452233
467  566.2251876377222
468  255.4371875034955
469  144.5904743794812
470  450.5904892935575
471  570.6962897506739
472  336.432012319027
473  263.37793387844283
474  462.1487045260493
475  219.32773682620999
476  251.25042971182276
477  569.9977815311537
478  146.17147086348774
479  614.0824300995887
480  234.708094242048
481  160.48852921108266
482  179.4147679183305
483  278.32816933442206
484  125.15569177078557
485  177.01881410722476
486  625.9956935604747
487  446.1811761986257
488  602.6668866492918
489  142.0007829890046
490  217.7884028142862
491  324.13996487735034
492  148.47014761206995
493  256.30063422109373
494  170.5415114670604
495  378.17519192551913
496  213.19003143141575
497  620.4317475941731
498  184.93529900858678
499  390.3288926671215
500  246.62985872641246
501  320.02151355503105
502  145.19753321178362
503  164.9054074712065
504  207.70967513413348
505  802.190956104145
506  547.2333456374463
507  476.0700066740491
508  432.4269862753213
509  284.96631283020696
510  139.06007762776701
511  201.64208826896046
512  139.58326715211984
513  154.9150456930012
514  453.7659273013352
515  288.37793387844283
516  263.3128712206799
517  133.12925284206366
518  313.47501705797475
519  289.887301782605
520  422.5845348486035
521  232.0481463667446
522  205.2971517842828
523  171.2965887779033
524  250.31818808887297
525  223.5156467302752
526  495.9288971413444
527  426.43864908297076
528  229.3494181645992
529  370.32966074204984
530  365.8103712486438
531  323.9749704514864
532  325.41011845505085
533  255.0646301495509
534  379.61315496098103
535  484.7118563177891
536  225.2080178074071
537  301.2720551224259
538  117.33604396669686
539  179.72682259333416
540  431.3997270724041
541  318.60445632599186
542  205.73657267070092
543  392.1068071572652
544  282.7797936637547
545  413.83898763250227
546  364.49201537641267
547  249.6695115267167
548  432.20714160542576
549  473.7716841347785
550  365.102127865833
551  317.03269165520146
552  262.7156258505684
553  685.8117396151423
554  144.69374690066851
555  216.63116370808677
556  498.3061561578357
557  149.8195359485166
558  84.42970436572298
559  369.57711882417425
560  132.4370756479234
561  276.21701099540275
562  345.02807574859344
563  402.19711188912873
564  258.5996017941634
565  151.87331610757522
566  419.2387743612115
567  300.5575664701737
568  663.8624922167164
569  576.9997725603367
570  614.3551600839662
571  216.78759745416718
572  419.25012024474
573  146.89833074201258
574  652.7106296350153
575  289.15174326909096
576  201.20315209002138
577  202.12736621141448
578  163.50329787511697
579  122.9067907517813
580  468.23636946641165
581  341.767955615709
582  147.7586119469208
583  278.2769991387121
584  106.3207905951835
585  448.51865191664524
586  516.6012758992256
587  364.22115338008894
588  177.14549427113045
589  107.74871645731032
590  267.0608121460237
591  127.32058552663467
592  309.1908256059776
593  170.17850285045282
594  384.3840672923122
595  482.75128167843013
596  144.60203651711578
597  346.47288807358603
598  205.07732948550165
599  422.79206422001243
600  135.98433649138897
601  560.3878964813965
602  170.29381848823465
603  399.95946354067627
604  461.65342296693177
605  421.9298889274169
606  386.77895101844496
607  272.8518323806967
608  401.6263203618155
609  178.77443205333273
610  208.97756177223968
611  284.58445282118396
612  114.80617293617148
613  321.5566790826352
614  387.41821306995075
615  385.0446713869718
616  158.56711147899165
617  108.05757951999045
618  125.49974459644373
619  394.0823331580929
620  237.41677386158992
621  348.0582618389802
622  302.4154092236105
623  325.63651040443244
624  145.5442146433858
625  404.4384328288647
626  328.3646156083265
627  124.85515449118765
628  239.31755796915024
629  446.67902297886303
630  168.28324440815354
631  166.447030793839
632  163.29608542782893
633  390.83966995149194
634  343.16935306465626
635  273.76720245485694
636  148.95181261954565
637  400.7965570854912
638  461.2292815516605
639  432.83661629437404
640  225.66400077553197
641  295.227700659575
642  362.7035715484167
643  230.7301782604967
644  428.2579948770148
645  355.70746412232523
646  288.9192775621451
647  349.77840665466084
648  97.03467522734645
649  170.0889028086934
650  206.8724771907846
651  259.56812936469765
652  171.40832130885934
653  146.68601768063743
654  120.06154666428041
655  184.484901362028
656  344.41689317420014
657  323.3577588617577
658  191.1916160520203
659  336.0864979138936
660  184.26008657621279
661  406.15054641446966
662  216.89212648628092
663  168.7676983478932
664  207.02051431192044
665  190.01131978389503
666  273.92570552902095
667  322.8665227458306
668  233.23727176802646
669  280.20727583211226
670  266.7013046088224
671  204.01315048675818
672  402.62758432978006
673  221.71406732959736
674  319.4120945701577
675  283.80698575332866
676  375.96038448488645
677  153.3432549225773
678  442.22392739827666
679  114.29293110069611
680  160.1723060517593
681  150.35818391293162
682  130.93334526459435
683  362.3570318005391
684  221.62811005096884
685  143.44236641648303
686  365.9449931581675
687  345.42404447377544
688  840.7388619814096
689  207.99563763268867
690  146.68623766326252
691  238.57871463033598
692  365.77077437612553
693  252.10662073131172
694  463.4694429219658
695  306.6964799051465
696  132.39379127004545
697  114.94045555045992
698  274.26076143816437
699  418.27061964258417
700  138.02856418459152
701  304.0808939497321
702  208.08908177760875
703  387.51679511414864
704  192.4620604542082
705  169.52713802604742
706  426.5549154931153
707  344.23567596186473
708  242.902804964896
709  325.22554930407193
710  119.9571742299676
711  329.07073000674865
712  360.6101907883208
713  341.7821128026159
714  495.6226253994176
715  377.8244426796121
716  159.2799819539677
717  228.6164994425864
718  360.3998463850143
719  146.20345782858507
720  210.9991797258047
721  432.07208345917087
722  865.89497507485
723  145.6121445323132
724  173.73974191191002
725  249.80198580925642
726  363.2560597756177
727  558.7391789055305
728  363.48183279083383
729  324.1657960574639
730  520.1756356192884
731  486.0650328296104
732  436.16142623311447
733  511.1481415196698
734  422.40936902271784
735  337.68831071986517
736  226.71119636991384
737  308.5852544527839
738  473.47852186590006
739  412.30648799603284
740  164.50486385312618
741  369.5375480512895
742  362.64393388589986
743  264.6360928102967
744  121.95472086441985
745  654.7229151053493
746  288.21016170587205
747  169.96223383034493
748  192.73417150442015
749  290.9134536153585
750  232.8175188197
751  113.84255582525176
752  286.9211679213133
753  406.17434182317123
754  267.32879572562575
755  442.3047505061465
756  165.698224852071
757  400.5555083276473
758  180.63884818588906
759  197.46865620444217
760  129.38711349239196
761  135.98247968889237
762  486.1020122817418
763  266.7499655111986
764  1024.875441363445
765  945.2502134577168
766  261.7461847928621
767  326.0974933166296
768  241.08582678046108
769  415.4170945142299
770  242.1754491933349
771  317.7738951465867
772  90.5155013180315
773  425.38173696789374
774  246.48890952002773
775  117.22016532253554
776  529.9887361438911
777  539.1053903200188
778  544.9435651353639
779  594.388828611164
780  225.90608233315808
781  373.63681987151523
782  380.98520896485127
783  531.853562413545
784  138.22353963229344
785  105.99492548554639
786  378.2830989959098
787  634.4561097377732
788  277.3476061043314
789  332.20389033679714
790  435.400793428858
791  209.11754529218538
792  88.59419171299352
793  203.3374682609814
794  440.64453417747006
795  355.20147425644006
796  224.6434156217492
797  242.33482101244206
798  150.87571354533694
799  322.31042531217025
800  306.6640231466464
801  383.03933214766425
802  122.2900340413791
803  719.4544468182683
804  329.23777511810084
805  171.41798563028752
806  310.13759353922217
807  148.03907487984847
808  198.37289292066083
809  292.07942864173776
810  120.37674075234058
811  477.5334727799465
812  276.1479215370447
813  236.93838622237632
814  343.19443481243684
815  357.3930642088269
816  135.50526653318568
817  670.9324243203841
818  406.3059660033631
819  539.3279978225448
820  90.39425733492914
821  538.3743917853268
822  437.3859091807325
823  156.80680305589422
824  258.7396114137426
825  163.4826157798384
826  200.62413917815982
827  189.60750998310982
828  116.7681271275862
829  390.32645794416914
830  262.44726569054035
831  103.0903345600161
832  265.0176433522369
833  229.13207905951836
834  255.11166168909372
835  413.8447631085409
836  356.0741788868879
837  324.95396397504874
838  604.8404827686492
839  366.9264400472776
840  515.1560832652879
841  538.4600284113153
842  350.54117962886323
843  327.1007781419298
844  124.02710633363534
845  333.47166511933125
846  383.6977326875538
847  263.1024671610683
848  396.22877447306706
849  437.55415860374416
850  380.1739577857071
851  264.9430953419611
852  281.8106620731312
853  270.43969679682925
854  212.297860202906
855  269.6198998519778
856  331.58443790710766
857  111.10585638490248
858  246.26323344630745
859  134.21659340126695
860  355.5647997971686
861  563.0528107441005
862  325.3764573848913
863  441.11690771542453
864  495.36151720897976
865  191.06463387806997
866  339.3886757418821
867  275.3362714063601
868  644.5412019999776
869  526.8048791400544
870  300.61423996003026
871  215.63510475274325
872  189.94911317173933
873  120.35178204568928
874  486.45201209531587
875  110.42809737400403
876  198.2177977129264
877  147.3870985783157
878  262.59224169752014
879  284.6500412001357
880  306.47554277916356
881  213.98703966771438
882  629.6682811154237
883  189.93994847186647
884  605.9563986980012
885  177.57381908479772
886  652.9712941316839
887  332.07140114018114
888  498.66670395185736
889  187.65452660857633
890  140.28893785677266
891  372.0271249762307
892  184.63781165758772
893  299.5074328027651
894  103.83595261797967
895  294.98051103082366
896  200.43776542395125
897  487.6606935791173
898  781.3875049868942
899  253.02477973773597
900  292.21064641335107
901  436.62475811232537
902  119.13478223584374
903  342.22333456374463
904  195.97246115815258
905  223.97788615339874
906  256.5393079122903
907  107.20449435688639
908  289.41401475747847
909  269.0985671301216
910  290.0457601145401
911  213.30896000417593
912  363.28943747832795
913  288.1653784633281
914  495.4000887387539
915  514.4065167056297
916  75.30966842279915
917  383.286219766371
918  372.4227767772918
919  162.8667166288222
920  432.60862108179253
921  281.0890817776087
922  320.60774860833027
923  93.71401885884946
924  215.93484785777937
925  470.6308952547138
926  122.50151937152083
927  344.6592170855658
928  431.8217134036532
929  185.82670589068726
930  156.40292614176576
931  119.5195355756647
932  483.7770979444674
933  264.34591335667386
934  302.0285231708818
935  416.2493372557354
936  189.57705171083097
937  301.0887238397781
938  491.6517637759458
939  925.1554680596414
940  425.65813208651656
941  99.87235787817437
942  473.04098761013114
943  235.18762280809685
944  178.38606577853344
945  101.98029477671764
946  168.16658650350666
947  357.9290984813742
948  130.45980470017113
949  438.34599911261245
950  106.92845717609423
951  663.0314090446416
952  374.07047273893284
953  236.62984754085525
954  295.90866619687324
955  236.2055420707449
956  275.6224166023497
957  149.30820311480483
958  374.28436669239346
959  133.26860251376755
