0  429181.2408795507
1  436394.32109372586
2  458184.9673366205
3  377403.09109445254
4  457199.8043210098
5  562134.464716835
6  458821.0352355282
7  501050.9536125193
8  496458.0313621871
9  472832.2707746462
10  471617.88440324477
11  428225.51465430495
12  378965.77238355065
13  487555.5869758502
14  437843.8361899704
15  311218.25227512734
16  350511.7810900565
17  395463.566529936
18  422477.24196759466
19  429661.279726037
20  412140.9790098214
21  356647.5063296208
22  391251.56912496843
23  432811.2966872457
24  385590.9396066323
25  337524.42561145505
26  395010.24501273554
27  393860.54843077285
28  479355.1911895226
29  375010.3174254448
30  358198.5039147942
31  378164.70796274196
32  388595.34042263665
33  357656.3243337857
34  468927.6624811643
35  588584.3309284404
36  406131.2061453841
37  396243.68784493103
38  463565.11222134857
39  394104.00341961836
40  408578.1263976123
41  344181.1559806418
42  407407.36272764194
43  545542.081138112
44  423586.4455826335
45  357949.49647248414
46  454343.19614622486
47  307074.4918566786
48  363987.19763942866
49  502627.5417856019
50  352486.4356343898
51  468618.9139942671
52  437161.0819071773
53  332334.5861093602
54  437484.0249707038
55  395890.36791505537
56  400086.67923760647
57  380715.3826305403
58  435859.238760618
59  490189.00358992023
60  458451.67244452937
61  366166.40574684186
62  529884.2371212734
63  404049.10941349773
64  622350.3034510298
65  373581.85982678435
66  416521.1265232819
67  416598.22481823026
68  367316.3301912786
69  392422.31165979884
70  388588.5782424132
71  397022.78963240684
72  528569.2336323878
73  519547.4318090463
74  432115.04199424316
75  437009.884570724
76  373511.42044060025
77  355924.6744824402
78  364797.25177395996
79  537084.4252803095
80  376949.00860234455
81  434616.0323020249
82  470063.6189609082
83  505216.93404240196
84  501062.15288595937
85  498479.58001257246
86  419373.7389228106
87  536434.6302774174
88  326590.63280079945
89  424328.69479289226
90  561943.484489736
91  420352.88040105964
92  374599.646840774
93  502635.9663853018
94  392220.8754897176
95  322090.1934242857
96  369171.57675771124
97  477550.6372715415
98  433971.4522444241
99  424235.26344859554
100  506583.88410504675
101  389049.5480011444
102  498998.00371572096
103  437732.71433134726
104  422929.04431660706
105  449017.4547120411
106  491672.49717362213
107  481167.9098561478
108  509340.07630972506
109  371272.7162679557
110  451003.25204588677
111  368335.71926663956
112  349094.24460044346
113  470853.19850649557
114  376113.2059288738
115  605772.6617951012
116  413914.8975045062
117  449119.21561001963
118  532864.5197315046
119  516357.2402998343
120  516869.23179449316
121  377921.0563500618
122  370768.6999474915
123  371541.7733932928
124  383548.4410984918
125  474920.54004794883
126  455943.6702272381
127  368053.3144750792
128  497572.96627271996
129  510463.6117888059
130  444192.04523236863
131  503507.9656843473
132  412091.353875065
133  423135.59279319365
134  396083.8348976819
135  512541.1079272639
136  337611.1930803447
137  525113.9045704278
138  341387.0950651211
139  467492.49704147724
140  363559.74604338605
141  472073.7580343381
142  444716.7598793884
143  383845.1885935685
144  409415.2662203596
145  471126.4363768244
146  407136.37955373205
147  422869.6712638824
148  387504.9114791941
149  433687.13618898357
150  371291.84405064175
151  386956.9958001403
152  439342.5394734733
153  531321.9542150721
154  427801.26333422534
155  486735.42424986896
156  432129.85795125243
157  457272.7680890865
158  336498.3741724335
159  447508.6806490351
160  498537.87846813106
161  415397.0868868581
162  447538.96026923554
163  427504.80393410317
164  464817.74812212714
165  568085.2449368548
166  489379.5403909964
167  534068.5050426379
168  445010.97312608146
169  494084.24770783493
170  407243.6133222488
171  579006.4733658957
172  485137.4391866581
173  369159.4780670463
174  424538.9960764942
175  388958.3013955227
176  619706.9538481361
177  377933.7227471515
178  367541.1131744473
179  652417.8581717436
180  476144.1804644364
181  436356.7411037741
182  392641.8700883734
183  324354.27344652294
184  454518.71295661456
185  478931.0786161793
186  345687.72967321135
187  405221.22186764865
188  454128.2428459977
189  417810.15722223406
190  361007.785298527
191  433337.9732921802
192  568586.0705557914
193  368893.58203060937
194  431122.3032976114
195  427021.5788364413
196  400687.45703670173
197  281472.466951702
198  493328.052557608
199  415214.6129187001
200  320028.65148961125
201  397816.50070557976
202  415578.1305172938
203  578613.121798217
204  446412.2928429647
205  416057.20763343934
206  363686.86432761914
207  380812.51455516915
208  435590.8547391502
209  412019.3992620673
210  543659.1556936523
211  480921.277523165
212  541836.7278021844
213  496400.30788116064
214  500646.90684128215
215  445058.738465867
216  444261.96646154847
217  398403.971998055
218  374571.0539563998
219  360678.497191406
220  372388.27702470025
221  433697.73353484325
222  463711.52673996676
223  308604.1053692131
224  356843.81102311047
225  372660.2737626601
226  363303.83613707323
227  508009.1482873621
228  478769.10441277846
229  385804.0430371128
230  407528.4236285506
231  325465.44699093804
232  456427.7731582384
233  421619.66885413416
234  398564.5656631055
235  485620.03437293327
236  474641.5718235475
237  489010.64107527205
238  380267.649664138
239  432305.3707388314
240  404298.7554027496
241  417230.1427823657
242  691311.5222308326
243  460444.6078273419
244  395860.5067128063
245  471721.76835083624
246  395756.5307384494
247  470402.2371794343
248  336411.8265071849
249  411110.7031109853
250  418844.3621682786
251  616258.1332543688
252  345250.0959454876
253  405390.76528997003
254  339602.49343555956
255  346625.8817017268
256  503781.5569819049
257  455540.4277263254
258  485503.4901806713
259  463792.9618274099
260  436840.6426634531
261  460501.02538173425
262  490641.68764845585
263  418035.6132309788
264  433170.4074082327
265  457130.4288736298
266  448075.6622953672
267  461459.38851946464
268  357804.0829311762
269  503041.65210847615
270  530931.8000653301
271  428142.8791237713
272  445509.7648450227
273  453123.78452960146
274  392871.6151503853
275  465267.200198467
276  419974.1207345033
277  387307.77121914574
278  387143.4931259317
279  425411.992877439
280  325016.04009314894
281  539564.9576651468
282  495951.9040774949
283  422916.6156758714
284  376032.23524473386
285  592767.4249927528
286  406423.1115594588
287  403914.2581140669
288  481162.8400440116
289  364532.26765212265
290  338160.0629993578
291  411630.07005654415
292  519791.2330132067
293  490113.5625210235
294  475376.75515688874
295  301319.8019263989
296  560431.3624082522
297  460943.69078029995
298  595584.8001845507
299  446151.8222331986
300  459950.7621209368
301  296960.0398392406
302  384111.6502234403
303  363755.8950722257
304  371404.7466240146
305  411129.3858831232
306  422359.01798575354
307  470066.0632317022
308  472353.1012488175
309  407942.3541375997
310  523871.4802466856
311  479615.28530688514
312  554621.2702441217
313  364453.92214301025
314  370608.8566912685
315  513118.7585717044
316  354380.24229443824
317  340421.5762058197
318  463892.0368659314
319  548870.5632576589
320  510807.1663330423
321  403340.5375049022
322  431691.5660884662
323  339699.89370252093
324  552711.6349586025
325  390266.42008880584
326  422684.1068061997
327  462736.2700226465
328  492777.04397495114
329  483671.38089001464
330  458324.5171335262
331  417613.70588471624
332  506687.66060309665
333  533793.1437496583
334  386812.61332972633
335  427734.7677855614
336  388347.3699364607
337  492122.6164566106
338  405675.70154855156
339  406036.8477327566
340  528253.3347737874
341  447051.27672617853
342  483465.3948752732
343  553761.0054788179
344  411060.591141082
345  527849.2751184411
346  511820.0714295693
347  440931.61857047165
348  469960.3111410494
349  423573.8224468818
350  403985.8073635235
351  388618.6573743136
352  407156.82459495735
353  413222.83647822216
354  371012.3731083336
355  379888.88497981033
356  386720.11775341653
357  426458.5069932124
358  411768.6705731784
359  351558.3607013432
360  523227.01766164415
361  498630.4576582705
362  579191.6901386867
363  403567.68861606304
364  365404.4293865231
365  371460.96159509086
366  709413.7352108604
367  410202.03057434584
368  433968.15340363793
369  454854.0362567466
370  441392.05935175146
371  463471.16514014994
372  340161.89842983603
373  420433.0924174961
374  439225.22099000984
375  476445.04971787403
376  411139.1432339578
377  383962.28960782493
378  416254.4776813302
379  490518.2138275325
380  348478.38296397694
381  540051.196397099
382  516480.59691992705
383  419288.79170127865
384  449013.20031677093
385  473631.0584531011
386  461297.2669862908
387  368557.833367958
388  462725.40609357925
389  494422.60769481614
390  618028.5883481321
391  359821.27237636823
392  461423.20481871406
393  413607.0976916753
394  397092.3593974912
395  414561.31370923633
396  393823.1162240047
397  447334.8443041657
398  451120.2270415664
399  420256.3646714324
400  370243.3120953883
401  421359.9209850157
402  395661.2304145079
403  377901.4887131577
404  409477.53739957226
405  473061.32241214695
406  476216.51671745325
407  393840.8853514284
408  409533.66006454686
409  452016.2989461742
410  475403.33451423986
411  347502.0323565395
412  416103.42719568056
413  339737.4432224402
414  526575.9924036807
415  422066.81561973336
416  442532.0569514064
417  531699.6478813144
418  474587.19758863206
419  485545.00596936734
420  471541.5767818858
421  347715.00421174493
422  389623.7857382569
423  433520.87414601276
424  487952.8785786042
425  465536.7618250743
426  466850.65461649105
427  376978.2419314651
428  344134.8901181683
429  534915.3319127976
430  436338.860652655
431  456927.03939722315
432  468637.7970348839
433  448767.9243688651
434  391407.1408035015
435  413455.8180711325
436  501679.6729385735
437  464145.43350946304
438  454240.5229095216
439  329921.1323337871
440  402499.7527030766
441  483401.7820142551
442  382239.6784578434
443  436920.5090833148
444  367116.5037501699
445  432083.34364096296
446  438072.44581377367
447  411436.7111829236
448  368462.01554232446
449  381781.92052152246
450  419488.94001092215
451  489974.087882095
452  562371.8422667488
453  382427.1333651884
454  354593.5483174758
455  456756.20684413804
456  405278.8430387844
457  451842.45764959016
458  407560.648720443
459  468808.7594759804
460  424812.59028714907
461  467582.15102973965
462  367270.06709471776
463  455721.61976716295
464  356451.8272556253
465  322322.4008822368
466  495799.40683543525
467  584319.556234876
468  432314.4727883539
469  459638.27059782005
470  469557.1338422205
471  490046.0121643359
472  370112.9595613717
473  391126.0686012682
474  443444.86342886847
475  338164.3563927999
476  378748.5848395133
477  417819.02950885764
478  436156.9720107941
479  488698.23291991476
480  505340.0397756123
481  595360.2210029139
482  430338.93219378113
483  412064.25712482014
484  301710.23131347215
485  487846.49083346815
486  400441.1500010741
487  438688.4544242531
488  337877.2417619365
489  434873.6522510841
490  404093.14661502175
491  314492.9610470394
492  418304.4826656897
493  428395.7158595269
494  414780.2332843053
495  473726.6474329618
496  507294.25346605293
497  378963.6803226024
498  401272.4658156162
499  479426.92314442835
500  335193.3915536086
501  394001.48969559825
502  421821.3906007254
503  412869.09091137175
504  487450.74905568815
505  570399.7630814547
506  546558.0056290145
507  451282.792242797
508  441019.00435205566
509  375854.74513872404
510  454500.40317466564
511  398823.8796703244
512  515795.1968143688
513  498905.1275307329
514  346258.47579191567
515  402968.4677664066
516  429757.2450785622
517  430100.4559801863
518  367439.78633816517
519  475876.6880324784
520  455755.8294203727
521  396937.21053480165
522  444098.29908207327
523  481797.0596920953
524  424865.3106582498
525  400542.2817626775
526  485437.479951572
527  477798.91140459245
528  425373.35454339493
529  435597.9029843735
530  573679.4995682307
531  424756.0986330832
532  386735.8893593132
533  394147.5277863608
534  456672.60374125623
535  621296.9666176018
536  432632.8485490917
537  398314.6163234299
538  368506.5868779169
539  469034.283047382
540  417426.1964337919
541  491704.7114927222
542  470981.90276044747
543  540848.6545307589
544  469262.07064610894
545  496359.23972707137
546  354676.3302996538
547  472344.9000330381
548  553000.7095647977
549  364620.85594564886
550  507129.42540634505
551  387616.5490404437
552  521398.93203509063
553  445516.4134666121
554  357433.39741617173
555  415259.7935310791
556  605176.1807799201
557  398758.8553219867
558  468297.52297680697
559  430421.87732113386
560  481527.25574353104
561  338590.4442108668
562  441112.200092125
563  445520.0025772367
564  446520.35116503213
565  562742.5307647286
566  457579.5383017339
567  347837.1263580335
568  417520.4722358205
569  491924.7481869819
570  405727.8408227521
571  354029.0499279098
572  402614.36328905507
573  462142.95210224885
574  359521.06725131854
575  387812.18663307326
576  475110.07250797393
577  335954.3711210969
578  418379.0588984962
579  409185.26138584444
580  348024.7338503209
581  385758.7452256435
582  437165.53860507486
583  500285.5148285701
584  463998.97231079545
585  440082.82278565667
586  349362.4762019882
587  347926.687156696
588  329236.9468270423
589  442164.99891353736
590  434624.2522230173
591  461038.3037951692
592  426180.60511935013
593  408631.97066461726
594  392331.383629552
595  393533.70543911855
596  442827.0852157454
597  432481.8299345488
598  381968.1280012907
599  370770.93467744783
600  316784.22946758603
601  513240.3393031801
602  431604.223604343
603  465079.4134019128
604  373109.3631139193
605  397789.60855266056
606  468688.22880197765
607  491112.20394320326
608  348383.0375510624
609  433277.217441756
610  426729.3334804573
611  383700.71745723067
612  378936.38907881896
613  332585.5894575629
614  444442.06049058057
615  434148.94892757235
616  416844.28860789514
617  370137.04800832557
618  516009.00040447793
619  384517.9378930782
620  501524.3582852015
621  353773.3815087911
622  473266.3300984899
623  515830.6188462055
624  445458.7061563159
625  393144.0558643157
626  511201.6494053931
627  499167.0012492426
628  519405.4608576722
629  365851.84883009497
630  513040.44125969714
631  393132.7651535092
632  526415.5219643029
633  392955.1649742223
634  393032.83399288333
635  436886.4267116794
636  451376.80816579226
637  359532.4770323685
638  348392.77654362866
639  395477.6706615635
640  460389.2777921391
641  373968.0381251958
642  490254.2593708777
643  466265.1413490237
644  416127.05609693856
645  371236.7485505065
646  399537.5346531353
647  324751.9311548882
648  413303.6266844126
649  359218.75695132907
650  403340.09852612566
651  466328.3948495025
652  474889.7997077176
653  284534.92594996153
654  493240.3108278344
655  338008.732405715
656  370558.55526223534
657  386261.1342926542
658  470489.4684635875
659  374684.23488532193
660  425435.7273654818
661  379361.4323899964
662  438566.96268144326
663  416493.9695211855
664  456779.4415215001
665  491376.79987149575
666  322588.2474817656
667  487922.95381859946
668  397311.0777162491
669  490425.0778204988
670  531707.4388266396
671  537798.6132878776
672  345954.5677970519
673  453477.9651744293
674  411067.8664080313
675  454468.5137712585
676  435426.6815351433
677  388639.84393954044
678  436036.80896844156
679  482515.2464049173
680  333909.9924918044
681  438472.1657366182
682  494125.9297667509
683  326975.4006477825
684  310740.8721524505
685  455365.27298279456
686  436567.5889307892
687  400828.0600208797
688  360240.9101947471
689  401644.1444241274
690  307866.1311944723
691  475945.0725661127
692  354390.50109994016
693  348366.18694886495
694  345457.9621506921
695  372201.66556158254
696  434097.2854029903
697  345785.9187040896
698  423195.49713872094
699  526143.7741622834
700  413405.5544494684
701  507564.77407234214
702  445265.1599814269
703  382023.7516396193
704  354225.6114119844
705  465427.4243910011
706  540159.5523018597
707  373539.1674997091
708  453652.0943968047
