0  334.8642707203126
1  339.6478078172131
2  484.4072735950008
3  277.151530743504
4  244.46914836895934
5  289.36136806821696
6  325.26023571697556
7  266.3437433585754
8  386.69421669407126
9  856.5551317472214
10  227.34743086393516
11  154.70938803816512
12  160.77077064760647
13  467.52254076203474
14  395.5349194453455
15  357.74801549572527
16  378.66963083932694
17  232.70910467071585
18  345.8356319653397
19  626.7439961521683
20  666.9264475043158
21  315.4798865038795
22  151.27136534639806
23  165.98058560120506
24  195.5139614396558
25  287.64156627629075
26  413.4809006610664
27  488.45795908323174
28  623.2415446508801
29  381.98509710927914
30  366.4989429648438
31  352.4133175244125
32  297.42134129745006
33  488.099394861355
34  232.76124800990294
35  218.21894982531887
36  294.6500412001357
37  330.9289530691305
38  411.23003098399346
39  414.816176552835
40  145.85290246566967
41  417.76908535698703
42  300.1492153331618
43  253.64303158428504
44  180.20090006450337
45  371.4028403858272
46  468.42515557245815
47  297.0174196410928
48  418.223621659713
49  323.9145982707129
50  251.16192958318885
51  243.9210858938938
52  458.5302140542798
53  906.400096195792
54  176.8138238573021
55  229.4298870631574
56  157.6586056084384
57  231.33064134256514
58  205.6148626227149
59  180.04360503051794
60  485.18054235038386
61  309.06603207272104
62  514.417157899054
63  536.7294027285302
64  284.9173722889006
65  131.60953456896456
66  151.92410972285919
67  487.290082512127
68  421.08593490751406
69  206.54449801083507
70  288.3753462862086
71  307.2806530874002
72  392.72782556496384
73  251.21575448447632
74  324.0833286726845
75  352.99471295995943
76  420.2632931026126
77  264.77069607722507
78  261.5269441430558
79  201.77973027893051
80  308.8785211201963
81  456.08339205750866
82  423.6023497127176
83  480.18302554408416
84  426.33946674720266
85  600.4345066982845
86  428.2054488577682
87  506.48362247998716
88  677.2350383851038
89  464.87114983799586
90  395.71255355085515
91  489.2881138540583
92  426.798100692386
93  824.4656659321485
94  416.5396211078922
95  732.16456937469
96  441.57860650328297
97  426.73096870653944
98  232.48167246451382
99  414.0457340149066
100  114.50131057445293
101  443.1488051960642
102  360.9678862652543
103  189.02384760796858
104  222.35300499994406
105  238.39814245179957
106  1030.7321059048556
107  157.89285727601853
108  490.2393336390719
109  330.0071662136516
110  178.0489144416729
111  445.9712419324169
112  322.90991152224245
113  223.18440509613987
114  197.97543651637005
115  184.20974411173626
116  248.08602439197176
117  384.8922010566623
118  227.58264448943524
119  411.99854214904383
120  352.25188383425984
121  103.3785602696465
122  335.05282192965774
123  292.176634862399
124  687.4526049298479
125  219.07599467567476
126  365.71498827380753
127  225.45081524069454
128  194.49315257472884
129  298.59470624862513
130  154.29171187496038
131  119.06156157835669
132  422.353485978904
133  420.3043179979344
134  544.4682125106729
135  424.79337293020586
136  204.11859300604394
137  468.7096080207902
138  504.03851187346896
139  331.37339254221615
140  636.5961417284668
141  361.32573833998873
142  368.2425364369526
143  364.48122877074456
144  158.34149879009556
145  516.5325667498126
146  192.55247331312475
147  306.91621271946997
148  135.10701222581403
149  491.81875295951204
150  211.5560974336603
151  304.3240083071405
152  353.2142518912913
153  697.4230676017793
154  153.3248136672595
155  452.51465121568367
156  271.4256253658609
157  443.5203782209744
158  130.15715707877987
159  420.80605362356124
160  386.21793939665105
161  250.3430088403187
162  387.63919120964346
163  391.8793413943916
164  278.22067985816716
165  202.79394712214255
166  141.94889318911422
167  238.52241399238636
168  369.44763108540917
169  384.5947957330828
170  444.3959612681439
171  101.5369738593528
172  749.5568170378407
173  127.14018485997546
174  437.3045006953688
175  467.7372177044999
176  481.7484480039373
177  338.9662009746349
178  272.5633009325026
179  138.8486183972588
180  194.14778358183912
181  567.090435230031
182  543.3736833667036
183  348.32272569658056
184  467.0772325440058
185  305.0017747750771
186  572.7617215318247
187  217.2419249598252
188  488.90485192186514
189  649.522555676111
190  243.43859688370375
191  392.37895549266784
192  228.6659396054481
193  248.55318546026703
194  307.15437187503494
195  274.5903513383519
196  584.9337330305776
197  177.3826579121039
198  481.61917279075925
199  491.96977662442254
200  360.9914020350257
201  500.1350059469879
202  458.96183115028543
203  228.1057557148876
204  639.987393877026
205  379.99408656875573
206  388.5768429137631
207  410.61651435666266
208  386.84172436549926
209  469.9237555135476
210  373.3105781814521
211  301.80382024063863
212  221.69857533286353
213  267.535161799085
214  404.80135196101463
215  247.87557931865044
216  316.83917405845574
217  606.5097482131073
218  243.9755446434231
219  412.9345383906966
220  299.4279258621268
221  552.6981167250179
222  157.56455744342904
223  213.1180821989314
224  402.6334455617573
225  312.48568062251354
226  597.9214251891291
227  335.44838424626124
228  461.76087888651506
229  813.4610164688687
230  149.0749395047781
231  802.2541917875639
232  416.4141825408366
233  508.0678068477981
234  398.6504252375999
235  452.18255947920045
236  143.59557872208737
237  358.35155087750695
238  571.6055562391174
239  325.79843625910223
240  297.1950052758545
241  383.30806515959927
242  140.07442869766558
243  280.874430934777
244  196.6405558476229
245  252.3250970347088
246  295.1531787489327
247  132.19163842313472
248  461.07804163264393
249  219.802071565195
250  190.80374567025723
251  532.7203946264583
252  257.0603870948498
253  224.93528782302957
254  501.4310205329545
255  550.6141765752061
256  334.5418544908148
257  181.49278717986004
258  368.91835661793493
259  590.4712848103861
260  401.36447765312096
261  391.7374936149111
262  509.0106859356532
263  186.305637893685
264  355.20409167682686
265  146.84477429409813
266  613.3753015439797
267  592.892074287014
268  131.37972729611525
269  303.79452131407925
270  216.48503186019545
271  397.55059413951375
272  173.7390707784775
273  170.40957036274762
274  500.44144920079196
275  254.26043332848627
276  315.12157209278047
277  172.67462705488006
278  450.0539852276074
279  413.2014854419973
280  190.50112787701852
281  189.7925340134152
282  261.31810978997254
283  297.36260593654805
284  331.86124316282815
285  492.1353899844521
286  228.5734536899289
287  322.4916126963531
288  192.69078272800826
289  285.941424965418
290  267.6079536768791
291  259.82631439618496
292  402.0297871388463
293  629.9458954597824
294  421.10169908614
295  508.0543804506288
296  283.07092388974024
297  319.9094715569923
298  257.0157865497403
299  241.41076721736894
300  423.06564803525686
301  403.74198648038987
302  341.59517977054696
303  280.6496907193432
304  166.50896149558358
305  270.43835825848333
306  560.4411210911138
307  503.854371502183
308  397.5916376774309
309  507.1147936451121
310  162.56682811154238
311  242.77956622409144
312  147.16837619266005
313  586.9504442530472
314  508.272916410331
315  368.11917465501875
316  127.58324478100543
317  352.1367434368743
318  249.3275541287756
319  128.74624072064816
320  160.11599795677154
321  378.21183581093425
322  237.88527719675022
323  401.0515616902123
324  503.14288057926274
325  709.0881720189558
326  392.7385823424794
327  366.1686819312237
328  184.43560661141
329  268.298344910385
330  325.4215277234035
331  196.79676215404004
332  490.7952334612215
333  868.1779845863022
334  693.7489103403019
335  375.000805360119
336  98.83394667472027
337  496.8122690648501
338  422.6055077683695
339  416.58196217044554
340  198.2981062851646
341  299.4071803820241
342  417.1707997300552
343  532.1807809756043
344  130.349246652722
345  147.67197980634072
346  308.57138436184533
347  727.6581395435547
348  1089.9784156031067
349  353.40826910959237
350  278.8649828674549
351  352.64490330085795
352  431.1932938856016
353  252.23858793525798
354  501.6022788708553
355  506.99408656875573
356  109.50693690972882
357  267.5469029056349
358  293.8733794923994
359  298.74297826646233
360  141.5270820982614
361  382.5563211448045
362  146.71878763473936
363  648.7642494677539
364  499.5829800561515
365  347.86700372479055
366  147.0067747191493
367  337.5483607565911
368  448.120956887134
369  336.7102567831083
370  341.5909031591742
371  354.8719328270004
372  163.8380294031014
373  262.0861399760629
374  437.3771173327666
375  130.08547257114947
376  186.22375961491855
377  263.4867507074865
378  137.82341733686798
379  409.1673769495494
380  174.92369585724245
381  623.6946380167261
382  260.1797891895318
383  644.362814733616
384  232.58690991525077
385  368.0710954016174
386  475.53205594270014
387  226.20146307088288
388  303.17509871254236
389  257.738563699884
390  398.09777668407884
391  460.03335160307677
392  137.55339425733493
393  448.51086676882807
394  672.4537383996451
395  247.66803130464612
396  560.5832857947152
397  277.43735528685363
398  416.54004988758516
399  225.17499058548935
400  261.1962506012237
401  430.17280194479554
402  411.4123630235307
403  250.70707262782295
404  201.6845076304143
405  325.9108250094145
406  248.95566417974445
407  311.356647763075
408  655.6931205094648
409  728.782865963468
410  361.19500900437356
411  205.8915783939777
412  416.223084752967
413  411.5225333049966
414  195.82195575739271
415  227.99788220116852
416  479.6014809677744
417  538.544926790528
418  216.56881168368736
419  295.3753612002849
420  378.1467395964997
421  391.3127929217794
422  275.31807996182
423  398.5050428220415
424  374.47128853890524
425  149.11731039548403
426  253.76731431042904
427  463.51357367367257
428  288.903233744589
429  278.03630459017984
430  270.8932674131162
431  364.1148719440126
432  277.30922100051083
433  651.0991860642871
434  342.561283803686
435  679.0673631540288
436  299.5336853055335
437  403.5254788350615
438  445.1476269840382
439  332.57160061595135
440  186.265675626298
441  182.8004235597663
442  444.5218472574878
443  238.39866817298838
444  370.8423805848555
445  219.93277480117672
446  261.18737672583825
447  550.8286037068937
448  401.54394991853184
449  411.0906775837705
450  419.89814431605913
451  241.28944493536613
452  236.27057117183625
453  580.4536041729585
454  700.6590493022077
455  356.08874993941157
456  313.1072694936298
457  278.2739119249225
458  148.720431911649
459  286.6238110684817
460  517.350156411375
461  500.4433954877462
462  199.74175158368848
463  210.73941753075096
464  158.274955910262
465  184.92998959743178
466  430.70290414350325
467  167.42852242517793
468  105.23382288788716
469  354.20482992360263
470  422.35096550001305
471  159.5306652050872
472  260.6326290160811
473  400.25084730595853
474  190.57146266074577
475  325.171325451244
476  295.12184054615346
477  447.96560441158374
478  213.2616898394127
479  257.384484886448
480  183.51361468738233
481  238.69344861914297
482  517.7516396162608
483  447.8003452608658
484  313.17181388724214
485  216.86141094618628
486  339.23337546559884
487  190.8008747105737
488  397.63513085237673
489  294.5698593975459
490  425.30889661935174
491  428.77011069973116
492  204.7016961033247
493  247.53048996469093
494  260.8184136642767
495  167.7737534628621
496  168.29830762519435
497  318.3594739805297
498  228.86758910228446
499  292.58056397579446
500  265.07430938505536
501  477.2334985067281
502  451.5282453962111
503  535.1336785941992
504  311.97299433637954
505  144.1162142108776
506  289.0932987326764
507  435.89741725484055
508  407.06955179472266
509  411.110338064824
510  234.1949679906638
511  474.7267927651816
512  289.7243953274199
513  426.68599530952304
514  113.01151739540572
515  312.7480490523969
516  221.6771661763664
517  168.78454379704925
518  132.33646528935174
519  260.0176358951988
520  238.49431214415947
521  274.19692546317526
522  399.4660686122079
523  498.025532898588
524  842.7483995331894
525  213.1039473831389
526  603.4942413022972
527  323.926730871765
528  196.55491176459623
529  473.7389104521575
530  408.29058213368234
531  489.0145635954855
532  280.8269445159077
533  433.4688761870673
534  803.829856489301
535  844.0378854822653
536  371.23562376259775
537  449.7332953024388
538  672.5711718362584
539  192.86609769465667
540  312.1752441247861
541  720.6367751292864
542  357.60294254724965
543  248.76552834979475
544  512.8705234467922
545  234.21205952207842
546  314.4592342367535
547  557.6384417773105
548  460.62834494767026
549  381.10790334187163
550  270.9156347990142
551  507.6249408097598
552  97.61518700387393
553  364.8803257234259
554  253.44959601495881
555  539.3929560817738
556  427.4222174994314
557  549.4144920079194
558  406.0541940246753
559  357.81126236470135
560  427.6790602640537
561  250.78264598084286
562  542.1992744301891
563  354.64207708340325
564  262.68941436150976
565  110.3185534837418
566  397.82438302330695
567  162.01321760010143
568  357.1910493171217
569  336.8004981301477
570  322.8960339742658
571  479.4091676826881
572  515.5491810307864
573  322.8962353142955
574  462.1887749204893
575  453.779648251511
576  190.9696573118123
577  412.0742646428265
578  453.42646801117064
579  359.4960198058933
580  385.30887797675643
581  375.4289884900616
582  183.39482034130864
583  181.16903241201626
584  295.3668713623636
585  209.54395364705093
586  332.6726024690253
587  162.08767612591956
588  236.85418507622958
589  363.3850553498656
590  256.6261190217857
591  625.8426490382285
592  361.7164386677256
593  365.99206943993914
594  650.9494972092035
595  190.63157011666536
596  301.18911421572466
597  456.72080849207504
598  410.5237413451751
599  190.83745893968376
600  210.90663788249944
601  188.29281924512404
602  723.220512074809
603  982.7438395543674
604  227.1254460240937
605  404.5678422687293
606  240.40297088399458
607  215.84484513596044
608  258.963952677636
609  273.3065401952998
610  625.7278852212689
611  352.82516601231157
612  258.5341923841269
613  330.8672087933394
614  304.82255232044383
615  545.524915828682
616  260.50179901045107
617  394.50611663553354
618  206.95190583252239
619  266.8992926999325
620  499.5574956283114
621  166.68974619970695
622  298.71636782586324
623  354.284825300239
624  186.29499297174155
625  364.12665033575314
626  212.23942312352958
627  459.99531325152964
628  947.1382423015402
629  403.6548174330638
630  136.8372687852112
631  630.7581421535181
632  393.78368996618235
633  229.6111042754928
634  343.71986144823137
635  214.94937416807417
636  173.19562421002001
637  261.9705633419462
638  354.22823383780195
639  669.7428850534856
640  217.20202607726236
641  367.1662397512332
642  110.9413503950366
643  626.630421732792
644  502.5806310891377
645  401.49075513696715
646  437.9661077616581
647  299.8026345715745
648  239.35983191836036
649  314.5137302714735
650  331.78273546530056
651  408.5520706330652
652  313.04196448212736
653  157.87356591835288
654  267.510646786203
655  197.8287938613662
656  187.73322073205745
657  256.051334250549
658  245.32614474856732
659  292.98532827746146
660  295.7747825341253
661  278.38282196694297
662  510.23547462183495
663  263.48730998534694
664  511.70492127231984
665  561.4179222454633
666  479.5784722765965
667  318.3668079775394
668  280.0855284989355
669  239.18760043698242
670  602.0299922073951
671  576.6026554512813
672  144.53121702590948
673  303.4684660499696
674  187.72022311458113
675  233.49064328139505
676  251.44319787623553
677  136.91954228699902
678  430.97931417620237
679  415.2888707434294
680  387.5563696155524
681  421.503029421744
682  181.62903472369808
683  338.8200542126673
684  982.6149260075391
685  738.5384615384615
686  237.03815766415738
687  483.33071218442745
688  301.873036468645
689  414.93789032934006
690  379.99986204479444
691  242.98025749152694
692  602.4916387959867
693  332.100949653807
694  512.3695409820174
695  559.8529807645701
696  382.37891075043905
697  359.1326346088597
698  354.8684392046323
699  151.13018497183103
700  294.2547286943099
701  198.89746199706937
702  532.3882842473798
703  448.1704939914915
704  168.39411937972358
705  289.37080122146284
