0  0.6048105244942147
1  0.6863445227734194
2  0.551095435803555
3  0.6333978753115649
4  0.6911860401577042
5  0.6727160680739712
6  0.6738981393147071
7  0.6113913709813571
8  0.5965974581687984
9  0.4452050302540462
10  0.6883028647445051
11  0.715313213223529
12  0.7967562705071538
13  0.5564765824592609
14  0.6184979991083581
15  0.5744221904525667
16  0.5907511601395903
17  0.6240455096490812
18  0.6673063590668237
19  0.5683288938244265
20  0.531848405098355
21  0.6143966007741427
22  0.7234518270963665
23  0.7546958223934501
24  0.7599938294457932
25  0.6903253587165872
26  0.5402725244395201
27  0.6274420396577397
28  0.5947262191195712
29  0.5670276991158277
30  0.6222969141965135
31  0.5663892320051832
32  0.6358115299525134
33  0.5748565392707256
34  0.6428388282194285
35  0.704316931664248
36  0.5903262032099482
37  0.6556266857724243
38  0.5266457449031186
39  0.6112873152061798
40  0.827098788649881
41  0.5450516119935849
42  0.6089540840637736
43  0.6927753121667087
44  0.7875798265804489
45  0.5775888229747298
46  0.5892697634084634
47  0.7169397859668086
48  0.5558903722937155
49  0.592367216217898
50  0.6262816251286196
51  0.6820151295516196
52  0.5776841086567125
53  0.40959812278545454
54  0.6824009413657612
55  0.68812438318333
56  0.7245450247510105
57  0.6479960624789235
58  0.6245883784274071
59  0.7111084738261039
60  0.5761861992481616
61  0.6752958313890279
62  0.5866808369448426
63  0.5562975710926401
64  0.6180211115748725
65  0.7641807356303819
66  0.8078227415538572
67  0.5586083490745543
68  0.5961453268259443
69  0.7052642870779345
70  0.6134732836639808
71  0.6626816304095183
72  0.5988151335384752
73  0.6701559422582251
74  0.7095915828510035
75  0.5905490353629985
76  0.6015941938720585
77  0.7018662947843737
78  0.6504055302496942
79  0.7494036540722634
80  0.578615043499778
81  0.5663283022495377
82  0.6515340240403636
83  0.5547607113727797
84  0.5303295665902654
85  0.519985793416488
86  0.5999942576152527
87  0.48366993566920513
88  0.4675160503624611
89  0.5734614187723333
90  0.6172124678084937
91  0.624330644313079
92  0.5729921560446183
93  0.48875915111468055
94  0.5850423155982957
95  0.523512511205727
96  0.5525168243883423
97  0.6325433298105403
98  0.7105988710124175
99  0.6580397460868483
100  0.8416417383101201
101  0.562520690703808
102  0.5846520723813814
103  0.7140501755955334
104  0.7284579086210714
105  0.6454807151122068
106  0.4069242410459526
107  0.7168014142658244
108  0.6423815235080214
109  0.6213907036913433
110  0.7830687270281559
111  0.5184355054240523
112  0.5913265583676065
113  0.6633422914947942
114  0.6442428320327532
115  0.743221686966983
116  0.6683924848144329
117  0.5325027691351271
118  0.7442257361993484
119  0.5797575734184908
120  0.618301984413336
121  0.7799535969094489
122  0.5342177483882463
123  0.5798535455327425
124  0.4868660688436634
125  0.6899057197541055
126  0.6650494335853568
127  0.5708661173355186
128  0.6952842556639158
129  0.6136214695907097
130  0.8108042631879218
131  0.7818501581322224
132  0.5394861699968395
133  0.6332061871284301
134  0.5406561056628286
135  0.5662694944598021
136  0.725080293500862
137  0.5708856105983807
138  0.5183521022236532
139  0.591766411485191
140  0.5877106039256922
141  0.6061884875916402
142  0.7093377666196847
143  0.6536343532248936
144  0.7411025051686139
145  0.5630668332869567
146  0.7391256723646222
147  0.5926794691475054
148  0.7212869891773765
149  0.5954997012297839
150  0.7265783982003663
151  0.6263848323662204
152  0.6237262299430207
153  0.48209005290095525
154  0.8023959565359154
155  0.6229999025595777
156  0.6652800356029859
157  0.5862371103176011
158  0.779668884518284
159  0.5316023790852743
160  0.615734688880398
161  0.5779782133680631
162  0.5512230559027186
163  0.5903731400092785
164  0.5772532655538111
165  0.6974493675440189
166  0.7662785849288972
167  0.72280015619365
168  0.6020245018858007
169  0.604874422597594
170  0.6434832896957271
171  0.8098466611792744
172  0.5084592371916555
173  0.7600970924610474
174  0.6337171363399733
175  0.5326498480387306
176  0.5903712249366496
177  0.6532147885575698
178  0.6872816759193737
179  0.8344384173429029
180  0.6549050444178691
181  0.6265082116899675
182  0.5237598828209956
183  0.6128780076937189
184  0.5671662411550403
185  0.6834625191920504
186  0.5539877751493939
187  0.6806027974495058
188  0.6060784838811314
189  0.5001660789594214
190  0.6696630719790106
191  0.5509263247064902
192  0.7179506613746213
193  0.5987263697884719
194  0.6871045409405845
195  0.6389876475257342
196  0.5308797655613993
197  0.7458767562831876
198  0.5101442046214565
199  0.5293996598200822
200  0.638515709139948
201  0.49761412208421607
202  0.48411979785949466
203  0.6631784846825527
204  0.5630905212070055
205  0.5664216017915246
206  0.6334258095609107
207  0.5415192689976989
208  0.6291040388848521
209  0.5213894219631189
210  0.6482785877693381
211  0.6008161252237841
212  0.6300687886158567
213  0.6372812250426017
214  0.5037312107311853
215  0.6147846266004394
216  0.5733732907259167
217  0.5556604508309758
218  0.6484674560160061
219  0.6242674212249659
220  0.5858507019903377
221  0.5650192736159377
222  0.8068134156522807
223  0.6183713738989812
224  0.6584288031373123
225  0.5422617899928451
226  0.5373385628195729
227  0.5746122268914727
228  0.5525476798650317
229  0.513775955080098
230  0.7677203671845835
231  0.43844363136882586
232  0.5158764533102725
233  0.5073052415037165
234  0.5399336466912847
235  0.6409802844587926
236  0.7455791224489031
237  0.656131001015762
238  0.5143111344476694
239  0.5576246418669796
240  0.6403540783273473
241  0.5750764954147053
242  0.7780362652460333
243  0.7933338325441678
244  0.6676185918558136
245  0.6759967560483524
246  0.6602924917118306
247  0.7958230257288013
248  0.5980902456255826
249  0.7290145949499386
250  0.7238197492946853
251  0.5600524820588831
252  0.6856327498433009
253  0.6844019340245856
254  0.5547952800388427
255  0.6443243097000354
256  0.7375019988958541
257  0.743099572941858
258  0.6545338461301036
259  0.6205040155813631
260  0.6612125056062735
261  0.6001540260124171
262  0.5017369887819605
263  0.7291336672270852
264  0.6117882892383095
265  0.7500688205526781
266  0.5474538843499253
267  0.5511624754921589
268  0.7900641389396178
269  0.7050643900751353
270  0.6964246453536025
271  0.567775737404566
272  0.7203071021594715
273  0.7019645359638139
274  0.5843152953668793
275  0.6422841550144097
276  0.563172941880126
277  0.7743104361339198
278  0.5757861325983353
279  0.6163341400164694
280  0.7315420222585071
281  0.72617886655105
282  0.6857006902083161
283  0.6081131281093247
284  0.6118986476465688
285  0.5486058760837472
286  0.7557594093318327
287  0.6443128398819645
288  0.7209584370202
289  0.6147029375800497
290  0.6617663588242889
291  0.6742201177498964
292  0.6095657806680274
293  0.5645759263365946
294  0.5779245765307498
295  0.5704647673848081
296  0.6641074788263822
297  0.5966238999586481
298  0.6681811929540671
299  0.6762974213090107
300  0.7129922132321701
301  0.5156006969067232
302  0.5953500233586916
303  0.5413387018137433
304  0.6733738886378436
305  0.6126902012205998
306  0.5160455673973172
307  0.5523092984091263
308  0.5926548532967072
309  0.5850454862786575
310  0.7419064902764924
311  0.6171943954604336
312  0.7180864694536507
313  0.5592855925780372
314  0.5554260485872938
315  0.6152662213797179
316  0.7595439295229413
317  0.6220980327486324
318  0.6405371432930073
319  0.8078163954296685
320  0.7535118095134138
321  0.6129687724568545
322  0.6399944874955722
323  0.6133821454236045
324  0.5877397976998893
325  0.4284919135078081
326  0.6126989262122393
327  0.6367550855209516
328  0.8043320302825453
329  0.6910564469816499
330  0.6289568232306595
331  0.7294135359628996
332  0.5468144451990831
333  0.5567753399004131
334  0.44839271530079916
335  0.5854886314150233
336  0.8194066053325889
337  0.5398533946445095
338  0.5861779961993672
339  0.5850282689488595
340  0.6970655755578267
341  0.5735326006430168
342  0.6571256492317442
343  0.6137936932955004
344  0.7462537524164862
345  0.7311233071537236
346  0.5805869393577565
347  0.4696195754314747
348  0.47844274569375056
349  0.5789387651695609
350  0.589113593331069
351  0.5848939839377091
352  0.5481546461931271
353  0.6910933458171971
354  0.5337178794431036
355  0.5975832082738122
356  0.7270544782107217
357  0.6449081885017093
358  0.7095637647442642
359  0.6578676331419997
360  0.7828443309216442
361  0.5926785873259942
362  0.7623640617096082
363  0.5415954604843014
364  0.5622152120298193
365  0.5926393030201793
366  0.788170240548124
367  0.6850776947935251
368  0.6064873572888433
369  0.623157249382393
370  0.5974960701477509
371  0.6325253464939408
372  0.7204012178732636
373  0.7255191396819791
374  0.5331772727376863
375  0.8454079577125867
376  0.641235554831795
377  0.6172368579755291
378  0.8418717922440591
379  0.6452546509558152
380  0.7414701126599778
381  0.6092049796114539
382  0.7070796155118974
383  0.5103165628328521
384  0.7252717229677317
385  0.57342656778553
386  0.5492248517633289
387  0.661633637874483
388  0.6357441306328225
389  0.6481942472131844
390  0.6036719233962592
391  0.5384440462912522
392  0.7577826087508965
393  0.5484678545835516
394  0.5542154618237217
395  0.7541050593316779
396  0.5056388137233617
397  0.6706717210011992
398  0.6082166248127349
399  0.6600729130816653
400  0.6674818916809979
401  0.5818714940132107
402  0.6964295273381955
403  0.7116241305650352
404  0.7209947452780826
405  0.6733495042211651
406  0.7259411611646716
407  0.6478172102095137
408  0.49864686867947694
409  0.3992863625306651
410  0.5274377128462538
411  0.6899017492067986
412  0.5331448759255846
413  0.5855299503663952
414  0.7179754507867946
415  0.6572962276594634
416  0.6001967660124209
417  0.583255170201025
418  0.708638663203451
419  0.6381535000661911
420  0.5596220623287921
421  0.5875145570286139
422  0.7056545215873588
423  0.5775368581318339
424  0.6425578181011072
425  0.7252078846777152
426  0.7102600512762535
427  0.6275617282125089
428  0.6880935808795022
429  0.5791285538743661
430  0.607227464135644
431  0.6467211987808489
432  0.6929953137495661
433  0.42302263319245664
434  0.5844716576883884
435  0.5081412593363609
436  0.5496968930188545
437  0.5617228338507805
438  0.5450093821297669
439  0.5836082951423687
440  0.7209165484086094
441  0.7638514351979201
442  0.5978397477033105
443  0.6400760404828317
444  0.6071675888867797
445  0.6529486840049138
446  0.6993500817558642
447  0.5562553099947243
448  0.5249218221171967
449  0.5776976283984491
450  0.6082226235517728
451  0.7061718870183725
452  0.6912355386021276
453  0.538449204000783
454  0.47077079037634334
455  0.661811676384121
456  0.6688214557922724
457  0.7174050016526984
458  0.7803413045020539
459  0.6691287762956044
460  0.6190788914713742
461  0.48595454558807066
462  0.7274297453339958
463  0.7124258721773619
464  0.7677015495697369
465  0.750513980306979
466  0.6042446077818564
467  0.7753303701775894
468  0.7823444639847127
469  0.6290467466450941
470  0.6686048263585374
471  0.7680544496451281
472  0.7090170767198166
473  0.5334568606726297
474  0.6183684555766048
475  0.6125729911750248
476  0.641170101311187
477  0.5815930974775941
478  0.6811259549246763
479  0.6700539075714844
480  0.6941050206809871
481  0.6962060047175397
482  0.5270586436499188
483  0.6465625337887746
484  0.6746183010155846
485  0.6466906565241403
486  0.6110158688859055
487  0.7454856408415473
488  0.6425190139396908
489  0.6896044518333874
490  0.6121096972886647
491  0.5581216315730552
492  0.6724310246113997
493  0.6843522492444757
494  0.7279388877432204
495  0.7080472656011833
496  0.7501000534387715
497  0.615371059666895
498  0.6790467287786711
499  0.6607937536948845
500  0.6858728717694315
501  0.49299074493148604
502  0.6108402868224015
503  0.5223681122389786
504  0.6623776926857672
505  0.7626465962303297
506  0.5868673372140453
507  0.5652288251713419
508  0.5489630333589682
509  0.6177729320276885
510  0.6258018512730277
511  0.624389209089898
512  0.6470092724241329
513  0.6450551316566475
514  0.7757530463936626
515  0.6069121486064265
516  0.715721533297966
517  0.7228338149919225
518  0.647265051020566
519  0.6408063298205354
520  0.7061604653269763
521  0.6542611443800631
522  0.6412292293476095
523  0.5913350789628952
524  0.5036020106470528
525  0.6448142658937149
526  0.5410549665552775
527  0.6007969481663226
528  0.7386203039181374
529  0.5542741147549979
530  0.5741945337971589
531  0.537533871134705
532  0.6409258735839047
533  0.6430326186872257
534  0.5726278988054876
535  0.4910673333512097
536  0.5747477748661297
537  0.5862350516426206
538  0.4912500077127215
539  0.7860994430547783
540  0.7052982942564733
541  0.556929311751405
542  0.5525608072772683
543  0.6301484251584449
544  0.5028227614182219
545  0.748657711354432
546  0.6308781733482027
547  0.5172813874499808
548  0.5720805850535368
549  0.5654751331971898
550  0.6405777508617294
551  0.5463915458289992
552  0.7645481195781545
553  0.5588038657599678
554  0.6855651731416553
555  0.6005342774433929
556  0.57341049111127
557  0.5538943285354939
558  0.6508188720071065
559  0.6214851214122331
560  0.5665979738408938
561  0.7229536209162258
562  0.5767977596223522
563  0.6160720190601979
564  0.6632637075331259
565  0.7597263665865243
566  0.5777484267307147
567  0.7460514711562473
568  0.5853712615707383
569  0.5552660556455954
570  0.607972636926741
571  0.52787694194175
572  0.5965953506203591
573  0.6513893086080398
574  0.5863715788488055
575  0.6380326314517752
576  0.6505855430765751
577  0.5415488254240132
578  0.5883901927322558
579  0.5928078560296126
580  0.5184143970112475
581  0.6283500984811128
582  0.6699403330958552
583  0.7013676641699935
584  0.6114629496463907
585  0.6554173129778538
586  0.6319141018318838
587  0.6759756122661541
588  0.6351889276966446
589  0.5709704957014301
590  0.6652965785276314
591  0.6373751456630056
592  0.6183743729423347
593  0.5487896620465865
594  0.5754494153616688
595  0.7290213529679015
596  0.6467496367862595
597  0.5636933867850731
598  0.6276643038107991
599  0.7248024535918068
600  0.7368256970395124
601  0.6839636432231923
602  0.5146316575953739
603  0.447154931956039
604  0.6857199555752596
605  0.553395184634636
606  0.7435118183094981
607  0.7174155105528092
608  0.7140334475556208
609  0.6218851609422372
610  0.5968117700918963
611  0.6370890994941545
612  0.6589168696555415
613  0.5988487171420294
614  0.5925746771401527
615  0.5902112983309642
616  0.5999682357737082
617  0.6041566202981513
618  0.7638277315168919
619  0.6494133696402739
620  0.5978866744404617
621  0.7308127127432211
622  0.5990900020020248
623  0.6483877306627766
624  0.7009757980717644
625  0.6127692041985334
626  0.7450775690894612
627  0.4905367904314138
628  0.44579170837743143
629  0.5787410193774171
630  0.7494481678345498
631  0.5160962110484476
632  0.5169979844833076
633  0.6812594411127738
634  0.5802940576045835
635  0.7142966988237845
636  0.7578836928522238
637  0.7302715675369086
638  0.6091857884198141
639  0.5487633271450807
640  0.677357970865916
641  0.6023213869030034
642  0.8024157269581099
643  0.5301234191327019
644  0.5192258651494607
645  0.5621055715581565
646  0.6146765046662924
647  0.5800466547690389
648  0.6551739498026898
649  0.700705507528431
650  0.592408094158094
651  0.5509137809340702
652  0.5769639598317212
653  0.7354513172434042
654  0.6797113483043807
655  0.7098448572387754
656  0.7079955015895969
657  0.7166112661396883
658  0.642309894066209
659  0.6022038272713292
660  0.6144358314300455
661  0.641406456449989
662  0.5889275818589826
663  0.7105369499487967
664  0.5968060710301483
665  0.5566101694825784
666  0.5545961495452508
667  0.6368506801775317
668  0.6657179512849505
669  0.6855199923347474
670  0.43245570870489586
671  0.4915007912229677
672  0.7509080230799015
673  0.670718159400932
674  0.7429681795876251
675  0.6156302767521965
676  0.6682443979813296
677  0.7158262013114699
678  0.5342307337497978
679  0.6140081033840503
680  0.5593586459253325
681  0.6084764599526351
682  0.7460132090104068
683  0.584412820467731
684  0.41718270989521766
685  0.596763515200604
686  0.6939084823296122
687  0.55348670184801
688  0.7082705818535399
689  0.6292753244114575
690  0.6308799888086534
691  0.6772693208445509
692  0.5992974194367138
693  0.6258477869777836
694  0.5462982547053844
695  0.5373056579293761
696  0.6803257568529117
697  0.536792714378337
698  0.5870371971577311
699  0.7465878712650512
700  0.6920005121298551
701  0.757292635944132
702  0.4849944152294993
703  0.5131631291382049
704  0.7397545679412082
705  0.7110117049305061
706  0.6097557365263818
707  0.6702972082459709
708  0.5897911275874937
709  0.7431338704999342
710  0.7165764433717426
711  0.6139239625253522
712  0.4668451295237919
713  0.4031911261926541
714  0.5384024756382183
715  0.5739682396906484
716  0.5887856373435136
717  0.6155766784918698
718  0.8240544019891294
719  0.6229001209380258
720  0.6839484182693782
721  0.7907188996524478
722  0.6888437304977638
723  0.5268690926377305
724  0.7669006296913509
725  0.7143756586502842
726  0.5317205310504047
727  0.5964549410894877
728  0.44921269693839583
729  0.5914410231755275
730  0.6433897814656468
731  0.5308849272595695
732  0.6087703888210142
733  0.5367274120206201
734  0.6562355228076863
735  0.6067133592940052
736  0.7043737723189212
737  0.5866260546101391
738  0.5409471849426485
739  0.6645529165893754
740  0.6719554531786387
741  0.5177080595992979
742  0.6085441108081944
743  0.5395782331642317
744  0.8173378445110098
745  0.5683677728018459
746  0.6067426239157964
747  0.6356531409971083
748  0.5227584568069559
749  0.49298191802730074
750  0.7588823394771204
751  0.6198678911239935
752  0.669314415582297
753  0.7761207404504932
754  0.7535293687475039
755  0.5926546847698498
756  0.6172913651160363
757  0.5746044036816702
758  0.6041591649563008
759  0.5057127618147882
760  0.6241926515491043
761  0.6174361409514671
762  0.5678156046463348
763  0.6007386558419916
764  0.6276528534075344
765  0.5294981218706555
766  0.6363227109367983
767  0.6535198622402348
768  0.578109677057693
769  0.6078176030616719
770  0.5989645840298187
771  0.5784432958285124
772  0.5732356895968448
773  0.6800098434360189
774  0.5625310628830289
775  0.7671856786435037
776  0.7563159157755414
777  0.6115742078387347
778  0.6515211412913162
779  0.5174646664867738
780  0.6875933837470694
781  0.6444529544182457
782  0.6153823658922649
783  0.7385262968197764
784  0.5276977806025752
785  0.5239743386644214
786  0.6616615994770954
787  0.5560201381125031
788  0.7317758068881651
789  0.5677258563987538
790  0.5827049620455987
791  0.5768015200800373
792  0.76351937306994
793  0.5077545994317736
794  0.5871633477731858
795  0.6861795377322412
796  0.6176038785106265
797  0.7094569668630846
798  0.7128688987212953
799  0.728922753219227
800  0.6493097747600718
801  0.6624409791409276
802  0.5834819448976439
803  0.7507961904809495
804  0.6926656069403839
805  0.5237824724400674
806  0.7272523947961869
807  0.6258172019074505
808  0.6101684933739725
809  0.7028206677662229
810  0.617286374282967
811  0.5748675392795591
812  0.5329309087142887
813  0.7411460322506537
814  0.764599126945518
815  0.49819913415960243
816  0.729251540527838
817  0.610037926454954
818  0.6705558972319275
819  0.520179184495008
820  0.682709026482338
821  0.6712881133794896
822  0.7431718488694097
823  0.552034228057256
824  0.6520782916257728
825  0.6265723793080994
826  0.5506256671452258
827  0.7015043666605552
828  0.6462223810860248
829  0.6349637132681827
830  0.732918823299613
831  0.669391569696205
832  0.6663551417086916
833  0.6745169513029436
834  0.7390258548726191
835  0.6374989083210479
836  0.6086957458724168
837  0.6685717238044248
838  0.6070275687456729
839  0.6204760893302669
840  0.7304423405358355
841  0.6318028493842083
842  0.6624680587633626
843  0.6123941487738259
844  0.5385211962669421
845  0.5956743981436899
846  0.6572389419569639
847  0.7725856752858334
848  0.6443110292265102
849  0.5201823031154659
850  0.529069862694921
851  0.6857292028314251
852  0.4969262427542658
853  0.5905119370273827
854  0.5845741842329591
855  0.616813478416771
856  0.5412756192285335
857  0.7415305923141977
858  0.5089733315113353
859  0.5547731290244623
860  0.5390352832291172
861  0.6004273146157643
862  0.7326981055615128
863  0.6338847243066655
864  0.5097282530822175
865  0.7437778412631072
866  0.6093593855315724
867  0.5569485655668917
868  0.568050672170146
869  0.7164098943856082
870  0.5986104471462491
871  0.4979919256128295
872  0.5813754645640324
873  0.7481444255852404
874  0.6097497681433458
875  0.7635957811060337
876  0.6841675509937474
877  0.6040482044081791
878  0.6443760962569626
879  0.7608404683556519
880  0.7014875555282801
881  0.5747197812261188
882  0.4345525058305199
883  0.5473307174146843
884  0.6194361107283162
885  0.6077332441501268
886  0.6091073723402
887  0.7215659163743163
888  0.6188295913304086
889  0.5173177927814923
890  0.8125612835712852
891  0.5850272512957058
892  0.6156465517217442
893  0.7061393228122755
894  0.7701994487493454
895  0.5871571670046748
896  0.7325569938506393
897  0.5501108361190507
898  0.5846513501386027
899  0.6967859689209619
900  0.6596604307882751
901  0.7530114382406644
902  0.560529330482008
903  0.6463358292470567
904  0.7909351483612856
905  0.7107837312125062
906  0.6243298797671434
907  0.6186359350684166
908  0.6975251912716947
909  0.6601716287065292
910  0.7395107148759665
911  0.5403232340684259
912  0.6436504995451686
913  0.5360942755479597
914  0.5355384174567801
915  0.6176818666705969
916  0.5779110910546287
917  0.5918923725446034
918  0.49855281142568214
919  0.7489131346875831
920  0.7540286276297752
921  0.5561497775644035
922  0.5692894076540291
923  0.806348494592981
924  0.7114995942537935
925  0.6922556425051004
926  0.696137448511548
927  0.6355187012267328
928  0.6279044972525224
929  0.6658743313782886
930  0.6017888292085719
931  0.7880642268377501
932  0.694431257864439
933  0.52831794872149
934  0.6566534813810972
935  0.591474315758595
936  0.5822335487546453
937  0.7425394557768911
938  0.6175553677467477
939  0.6112609662625528
940  0.6169897885254304
941  0.538034096947202
942  0.7670304076630498
943  0.5180040315509105
944  0.6477740323904264
945  0.6385161383936568
946  0.580096633571892
947  0.48390873882326657
948  0.7911515835120829
949  0.7085024588525539
950  0.6564741643113924
951  0.5489109338579093
952  0.54521010399355
953  0.5520059653575772
954  0.6542171406802523
955  0.6161416143341322
956  0.6033983623783763
957  0.7502149401447357
958  0.6904221666220011
959  0.5736506020179255
