0  467157.28107079555
1  372131.68893745134
2  490688.1647403309
3  332709.6611422943
4  385040.3936189452
5  394579.8824117234
6  377328.6783938795
7  360551.5662906307
8  472025.0417061092
9  354098.05397098337
10  372542.1080457632
11  567210.0891611323
12  542113.8723799356
13  442739.2729592792
14  478560.10581290664
15  376386.9454043086
16  385338.8015760549
17  435287.6066801687
18  509865.3160316269
19  419011.3334447667
20  395615.8470729933
21  413185.49179984786
22  430326.64815111546
23  444586.1954784146
24  355464.97267725086
25  431107.5646578587
26  480624.2957230333
27  430515.89255378494
28  423780.20289944875
29  478373.48555090826
30  460200.1480911103
31  488737.9876341945
32  388887.1967517248
33  374753.28205095994
34  348196.9906789599
35  490688.5060259636
36  395160.61042769265
37  389654.8593912701
38  433260.90079802286
39  435568.93132765446
40  560619.5214914432
41  358773.5653383507
42  441482.8177713078
43  402881.7853225415
44  329117.2300597861
45  314513.34597752406
46  531369.9715278626
47  351182.9330000825
48  338627.0920218446
49  371643.04037832876
50  380766.48884190724
51  337255.5381548805
52  377900.8051712017
53  447607.23424868484
54  426870.8920553888
55  423165.8241405388
56  487607.6833598027
57  471032.21319388377
58  467744.2639922387
59  390854.31440942397
60  378654.33969459904
61  414885.42324150517
62  435423.15863200044
63  467699.2638246646
64  326118.3663268143
65  419000.25398240966
66  370744.88075434027
67  352256.91062382556
68  447237.87881313794
69  351310.06795527495
70  301486.4243325768
71  419840.63434384717
72  347986.0039516828
73  416321.1810796232
74  448820.58820478234
75  401806.88461138506
76  409739.9561318499
77  384925.2352428385
78  426797.95451690076
79  441296.0883945485
80  385269.1805414264
81  376844.63028702454
82  490811.74290512747
83  345502.34619198676
84  407935.46081522666
85  476170.809618765
86  520127.6588327475
87  406564.4608483524
88  449436.17435920297
89  454492.36015003244
90  694934.9630912687
91  459561.32999746955
92  398957.66170880594
93  386586.6789442849
94  570107.4528806685
95  369872.9569948639
96  468880.3930079271
97  349178.37421727576
98  419012.2746162043
99  579120.2480629527
100  396577.5875685273
101  405746.40501536586
102  474639.7617923626
103  531872.0010814167
104  405498.97815070994
105  410332.0432788591
106  505402.0059834169
107  442502.3815501917
108  517984.3114369608
109  434121.95247151214
110  535491.2845359407
111  374769.11502363323
112  487033.8595050806
113  462085.7080861288
114  366310.7628016431
115  401575.26445921184
116  419060.92073652765
117  346558.9501446275
118  437895.372520188
119  529058.5442938916
120  370049.21447934565
121  450209.27928088675
122  743926.9291143818
123  389178.1567932699
124  374172.8001359188
125  437507.1803117429
126  466641.0110405118
127  349404.567862109
128  370289.7207047038
129  443578.50894391886
130  473123.6153348868
131  357675.8796943158
132  549435.7299410398
133  501338.7750715836
134  457866.2732354315
135  363296.61890432023
136  378202.58216128417
137  473332.51808220765
138  446202.89558895526
139  466479.613550436
140  456581.80004799366
141  477156.4687009265
142  397368.5238634543
143  382412.6342211105
144  564285.3729662731
145  497311.34794442076
146  371296.7890534265
147  462218.6772248673
148  424163.7676276978
149  482498.53884301335
150  495283.44724572496
151  530374.0336579808
152  450484.64722152543
153  516577.3762769153
154  508470.28679791663
155  349344.05782937445
156  485720.35147396114
157  468822.803376264
158  370842.2448963731
159  468803.8346828656
160  395146.45753569365
161  670837.6623401297
162  414004.9055127624
163  443242.7197366075
164  421625.8366599708
165  486928.7893119867
166  436213.2082629464
167  555499.3732203831
168  373175.8089036541
169  436158.5037285023
170  392898.9842086468
171  440565.8791518934
172  406847.30164550804
173  438571.23700522026
174  350721.49230119016
175  494340.78947811044
176  484104.2509091029
177  417798.5944791166
178  507030.4367542715
179  563642.5744640605
180  431689.1175549431
181  342940.94974117307
182  425315.7146085021
183  347429.3519074556
184  469738.2940533102
185  435164.6639786862
186  335734.4677481741
187  508745.1551962461
188  345977.12734774454
189  459666.8268871007
190  367572.22761585814
191  459862.2844612447
192  378388.2440398624
193  483270.74666454527
194  377489.9182330632
195  436758.63365910936
196  582695.8628835204
197  513204.09506445075
198  448132.4134969992
199  523643.2999298712
200  387277.32429425546
201  406255.82445242885
202  371601.7804772714
203  423653.0827247277
204  451730.541057533
205  460724.7752911624
206  446148.0873157251
207  356077.4537239567
208  515555.664440686
209  435634.10540124937
210  421426.5691640384
211  362844.53046436503
212  322837.48044685286
213  261700.17560745977
214  432345.3479934716
215  400021.43972282787
216  381281.69200703804
217  355629.2725101941
218  426932.3638416185
219  529316.0369073696
220  469432.8610592858
221  347878.2643630692
222  439087.6860364712
223  495004.33012483595
224  461559.8205860773
225  415466.0038637512
226  422164.042694633
227  376990.4528093749
228  350911.33365382254
229  432331.97844094486
230  355819.3775706431
231  380072.32682966074
232  425372.79603271454
233  447032.5390217819
234  560196.0522466032
235  421447.72287372954
236  521117.24493470404
237  407143.4674297324
238  562894.6838992632
239  334201.55760839494
240  628414.7713619212
241  482385.6571206607
242  487294.5721084111
243  376682.75114002434
244  477442.7004057398
245  525198.8742187816
246  418477.6743270191
247  521264.1421500683
248  453219.3858767074
249  521218.1553414875
250  469955.6760287074
251  511203.80727068975
252  492760.10076908814
253  472760.91791716777
254  341526.88265907194
255  495048.5847573858
256  268210.1766806151
257  447271.3754215278
258  365833.8563715616
259  392096.14251398604
260  380711.55014631106
261  403781.37186906906
262  431761.7315366361
263  381152.9706238096
264  512337.55691791663
265  485304.31921504065
266  431227.1691046202
267  661454.8737785366
268  482992.9747658623
269  454935.79280485236
270  388610.702202471
271  385142.9401376989
272  408787.1985830971
273  472829.07972030784
274  394194.13092931523
275  483003.2841126873
276  415309.5317907576
277  500433.0276772658
278  451851.03119601717
279  391941.8037763015
280  585636.1642708711
281  415234.83750950283
282  420077.91783412476
283  521776.41422362055
284  477044.98857145617
285  374154.3600718531
286  481583.7771319767
287  508748.14440220315
288  413827.8791891652
289  339577.7314829367
290  385163.29864767246
291  421664.1620031178
292  486644.95486073865
293  375441.3080906038
294  378138.82245278894
295  398037.85015279346
296  459010.0364433571
297  455751.7659000602
298  383309.8689709164
299  395900.16634993884
300  628621.1287780459
301  298054.49391341145
302  617980.4166711008
303  436520.7890141815
304  416382.0731585787
305  356767.96034187253
306  357800.076462574
307  418922.2764271783
308  461323.74684700253
309  437501.0104295686
310  446437.050895695
311  448379.7139342717
312  385440.0328049765
313  415307.7712271776
314  481501.1636797143
315  412220.89976752497
316  320686.18109343783
317  343615.79828582297
318  669721.460684852
319  433858.8020702794
320  491875.7677014923
321  438056.33374645415
322  373472.3827931679
323  411136.89935244026
324  448201.4245806973
325  379867.5254134169
326  366937.5162355357
327  497941.227492683
328  500830.0230877687
329  429091.80320639076
330  431789.61621698557
331  335404.8714899555
332  349370.97560082516
333  407303.0431486615
334  357839.175659435
335  336540.88203115534
336  418807.570535766
337  404400.77145262714
338  459456.85479077476
339  443159.7818629158
340  446885.3053788915
341  360118.26765702874
342  339027.16895115585
343  477856.218345016
344  461568.8064485343
345  360450.57750584814
346  417653.0495122729
347  574922.5143804501
348  460115.7967280488
349  460375.29734874575
350  743761.2165210898
351  522929.0530918536
352  407460.16473183007
353  458265.0973107054
354  386609.02393567003
355  428619.1028260235
356  340101.4005199495
357  330448.4256266331
358  427162.63934052584
359  361730.194335058
360  572500.0748594126
361  406283.54063715227
362  419989.931961259
363  328718.69852711307
364  437122.82700402685
365  431278.0641122294
366  487769.28854411904
367  488800.32396918617
368  387288.1939523324
369  359288.8762235033
370  475950.1496838272
371  653335.4874492267
372  344034.2288387446
373  422257.6236064558
374  422998.0372960947
375  516543.75122859864
376  442177.89682274405
377  383594.7233982859
378  451534.081263095
379  426161.9696963921
380  389127.1056469712
381  352071.37987232034
382  485098.52750980615
383  432854.6609936605
384  476047.8007648435
385  400003.03904696833
386  340372.2979816871
387  439065.6501112088
388  420061.4051901772
389  418824.17923471145
390  532145.6770147496
391  423631.1558654153
392  365759.30601288285
393  406634.60905033315
394  565949.5520338329
395  359867.5231315786
396  462759.1989330903
397  465982.70591598516
398  371871.51025509194
399  317058.254727746
400  655939.6928731595
401  482173.6608433732
402  364050.18725818535
403  586468.3791362375
404  446257.20024881256
405  445853.96463209635
406  348913.89154328604
407  575219.6142887784
408  459239.13577835425
409  415470.9076141565
410  381186.8165789001
411  349949.88793311134
412  326036.60081679444
413  345327.91318531416
414  385015.2948555795
415  342883.5403515147
416  430080.23910183273
417  401115.79021968116
418  442764.0941786305
419  352062.8477497771
420  440384.2190655187
421  360389.28911186766
422  368781.1650308089
423  371955.96171788045
424  451095.6291172947
425  377356.03733716387
426  567110.012367062
427  365473.5896506086
428  361786.3739001388
429  525498.4835030166
430  547093.1650705899
431  479371.72766901716
432  615507.1812052405
433  361590.42872933904
434  416270.3013965854
435  428021.60150899953
436  373440.1234641769
437  406972.4221881282
438  570151.7888936419
439  399476.3009659428
440  467710.9000587051
441  426623.0085819217
442  516121.13551658776
443  524779.2977746937
444  468434.13274589274
445  383045.60161565605
446  314745.03082726605
447  470393.57303064823
448  445962.70103591087
449  454019.86124836776
450  473826.6544472712
451  487507.24699604785
452  478414.64050974144
453  364244.9436006685
454  376865.30941767094
455  388048.9475523189
456  402358.17178053956
457  394816.2742671658
458  419716.62916857545
459  358465.71532843576
460  449991.26264450303
461  443428.6278996435
462  489486.4485425553
463  406158.29031427135
464  301582.51882238
465  405698.1263463956
466  441926.5117709269
467  408148.8613685827
468  360369.4769930174
469  486573.32254133484
470  387015.8919015416
471  433167.0633233203
472  325154.4362803195
473  461616.17800021835
474  492384.21993398824
475  408206.7547888536
476  433674.9274328666
477  392800.4516348045
478  444467.20098431676
479  344101.84953330166
480  529167.7750625215
481  510189.06891026447
482  308635.5488440486
483  456530.8472189582
484  398588.80287485523
485  569601.6481708986
486  407188.1073703758
487  389811.4930975218
488  424634.9265945007
489  483871.6806163769
490  457472.4060079955
491  343894.0376334309
492  423751.74778410466
493  410894.458578587
494  463187.3604406684
495  362391.5070220027
496  413130.6853907265
497  350404.41017574456
498  382447.400108719
499  489321.9549404377
500  488538.3918699328
501  404866.73791244853
502  508332.0671240769
503  448240.0077241224
504  392808.11988327594
505  462006.5040847927
506  400519.2767074836
507  353802.1119667771
508  377892.4547421062
509  483125.86903290806
510  485742.1298224599
511  579919.0264810779
512  390053.7300389157
513  306156.84267991106
514  355596.19528770685
515  390598.10417747
516  379311.92697517446
517  413749.288822637
518  381312.30865023093
519  358138.0318210111
520  436706.01724682463
521  348978.7344359588
522  356915.5344421215
523  481655.2062960964
524  540805.9318486366
525  408197.95238404116
526  443039.5080050478
527  449567.35157576366
528  437371.97272447264
529  416477.5693256733
530  420786.74442755
531  431639.11118350015
532  370313.9861306683
533  484443.14577238634
534  366460.6046279989
535  536357.4400076095
536  391769.4401604609
537  366666.3171186334
538  533309.4158203509
539  433176.41546817974
540  431894.9323117203
541  399142.0641783095
542  479422.88417358324
543  434660.872708562
544  462204.23940984346
545  443447.8998632545
546  427619.89497836074
547  478854.6659411824
548  325764.3528958658
549  558817.3204452866
550  486037.9039319581
551  427465.5836156803
552  398903.5102559563
553  379960.21662378137
554  479400.58980080707
555  316517.6983807571
556  382234.2788346075
557  334799.75856221025
558  444550.2016660004
559  390129.16587265464
560  314979.4860163431
561  421673.2666692217
562  332674.2447295636
563  427910.0055215749
564  437670.6158362057
565  475724.78848829016
566  383304.94890738546
567  368012.32331416383
568  370721.0200676492
569  455155.78199010727
570  438627.581058804
571  374185.2278464169
572  366741.28642288817
573  314533.79525132163
574  431822.3356557633
575  335382.27514864434
576  379018.20154499525
577  463721.3987552273
578  358241.8828120352
579  451277.06090695295
580  427923.07036110386
581  446085.26095152984
582  494644.7888511827
583  397773.37075779226
584  439125.0765475588
585  449693.9565031112
586  355539.81170351093
587  381105.96147173434
588  464162.7439800289
589  501160.3597401986
590  318546.297323958
591  397398.31454630604
592  361733.11832447245
593  442233.4501412073
594  534739.6080881422
595  385835.7074936656
596  434257.19412425975
597  460137.40183829475
598  504479.58112118463
599  473921.34055469383
600  464065.7800059782
601  537235.4488974155
602  475164.314049563
603  424108.62808877794
604  383965.775443868
605  363650.8657970878
606  419673.3593829027
607  424057.80220933806
608  320216.5962505911
609  409676.8068058221
610  584561.4902763397
611  514282.22205803136
612  346014.3050659718
613  416471.87772586255
614  383305.7838907308
615  370164.1495316481
616  560206.3578324143
617  471141.96839292813
618  468814.04901408317
619  352987.7639366416
620  415247.88345352025
621  373114.60324173403
622  509704.8610749056
623  425859.74674862064
624  505594.7821700846
625  535238.6004798681
626  515895.1596927447
627  389263.94248484756
628  487985.913505623
629  413355.9274740701
630  426555.88974349166
631  420664.7197145609
632  325902.73847715446
633  352550.4998204174
634  402309.3357355344
635  470454.89994716074
636  342476.62719343835
637  441923.46706926374
638  456734.4039923648
639  424112.84701787547
640  584311.7448058818
641  334736.99353812565
642  328149.90777790564
643  473440.70369555557
644  370023.14678448974
645  596075.8747946767
646  439975.638854183
647  362222.3890244694
648  466534.6714394855
649  345308.59197553934
650  424699.0538510269
651  373598.13513195195
652  337606.55930754886
653  294444.87735389534
654  515010.83939410496
655  331577.7474247935
656  457474.4996419264
657  482186.74122851866
658  383224.43881932413
659  422928.3613887322
660  357784.16567562346
661  450296.4008720249
662  411069.78948349925
663  411531.0726046802
664  339274.0685687838
665  455645.11143182963
666  500633.51962372713
667  385395.58124441595
668  470905.0683848046
669  393034.3656436524
670  518226.30028320395
671  470028.4490310465
672  463899.43206081545
673  454170.1161402528
674  335928.5746794614
675  378256.7509005149
676  532636.4842876943
677  674488.2476142884
678  369210.03641193546
679  505533.9570318456
680  462123.7557525267
681  488024.6838468961
682  480815.49780440854
683  420724.0888864907
684  463169.21709217236
685  494423.2808407227
686  407683.5167436837
687  445764.3303089194
688  412149.7298991352
689  467009.54017310485
690  349409.2289898248
691  513247.71141434053
692  516579.29560292454
693  417460.9089171259
694  407253.3006546662
695  399260.6774820554
696  476911.87715171213
697  426536.05977808347
698  499551.0588550782
699  412113.0304911538
700  365695.6064657627
701  363477.5595528903
702  477973.16774737684
703  395975.0594212284
704  550610.4979016077
705  466974.00333151023
706  364088.4846981263
