0  0.6575002594270335
1  0.558808410449804
2  0.6754600326962507
3  0.6152096940741255
4  0.66350059264039
5  0.814923186473016
6  0.6205280743469446
7  0.6240384664567556
8  0.5450265401861337
9  0.7004499767235797
10  0.6664883059390972
11  0.8076844891132411
12  0.6299640622049824
13  0.7134140592765656
14  0.7727347724515629
15  0.7404625862374559
16  0.7468596326420073
17  0.6570236003943267
18  0.7134560161861807
19  0.6243604487849029
20  0.5811095141663637
21  0.673724310169748
22  0.6114143999732936
23  0.7648223624044932
24  0.7759876409378065
25  0.7731122487552081
26  0.6025287451228857
27  0.5350702945771512
28  0.6752828650110082
29  0.8057502315856727
30  0.6234231834173972
31  0.5353631829694253
32  0.8207648293811989
33  0.8042011627406175
34  0.7100052317760236
35  0.7628726362398853
36  0.6897522074752106
37  0.687907759324427
38  0.8324330424082627
39  0.5787561798417172
40  0.828395809146418
41  0.5795457898103096
42  0.7198138989380518
43  0.6750271733593083
44  0.7006773413488764
45  0.6713086694568443
46  0.7223385654696607
47  0.6713625171598988
48  0.7048198532174649
49  0.6954565611563536
50  0.6889251452287845
51  0.5996467876590317
52  0.6040485053926569
53  0.6786210606468218
54  0.7289510654685428
55  0.6459115311584792
56  0.5450942367032795
57  0.6166958156445604
58  0.6868815812688119
59  0.7271408316473872
60  0.8019998603068537
61  0.6752338366681645
62  0.7312342864769693
63  0.7069826110807553
64  0.6881392293565893
65  0.585074180116608
66  0.7682882803821477
67  0.7740180207779401
68  0.5783825781824025
69  0.6975261571310533
70  0.78214525798221
71  0.5933071626891677
72  0.5236750191673264
73  0.6630284514610124
74  0.7353053742949452
75  0.7282413776338923
76  0.8282997284689911
77  0.6933384054236931
78  0.693013137333988
79  0.6157352488179721
80  0.3787768788589722
81  0.6644758276523334
82  0.7314392561834616
83  0.6440427603126909
84  0.5325724364416753
85  0.6684811102234965
86  0.8010148038938801
87  0.7062057284145928
88  0.6898157777011091
89  0.5542238605750852
90  0.8233730671155491
91  0.5936164969425041
92  0.8099241278148139
93  0.6800783838914753
94  0.7814108172844149
95  0.8131628619242915
96  0.643790415216972
97  0.7218060331930781
98  0.5483875153560961
99  0.8265839187782373
100  0.5655585063082225
101  0.6384603340009339
102  0.6717943608776187
103  0.6115288650654888
104  0.7119970062807752
105  0.7291827375135761
106  0.8099831830989928
107  0.7090754407966181
108  0.7297513113667792
109  0.7621377930379021
110  0.6108002118817804
111  0.574449383410205
112  0.7825682317869219
113  0.6896673188872905
114  0.6611781890351538
115  0.6524288703987108
116  0.7141662268899608
117  0.6747030942986832
118  0.5633611604804041
119  0.6745886439541421
120  0.7687805953533174
121  0.6741444523493884
122  0.7563202334745731
123  0.6349320330183882
124  0.6985587077998114
125  0.721625321982903
126  0.7052492231653366
127  0.756912248761559
128  0.7698196498320503
129  0.5924042757711271
130  0.5337455752559751
131  0.7061882121704309
132  0.778074192027549
133  0.663299762578878
134  0.78329845811079
135  0.6070015328848192
136  0.7038533780085959
137  0.5924063124398877
138  0.7030180764633481
139  0.8193421665782825
140  0.7133147290578776
141  0.6639011555243529
142  0.5562680012039948
143  0.5817131005369579
144  0.7577065516834013
145  0.7548851321824849
146  0.5802017184471727
147  0.7658100199200891
148  0.6390333364188631
149  0.6227258361485171
150  0.623033224818168
151  0.5455976842133121
152  0.7141279321497899
153  0.750626928739082
154  0.7830561281609046
155  0.7701281665948647
156  0.7542241099635923
157  0.6946273106253406
158  0.6155596820603821
159  0.5745673540890505
160  0.6052959534196303
161  0.7390905296056859
162  0.626694523730095
163  0.6535239501423783
164  0.7399736042333386
165  0.7039848153987348
166  0.5172546619502535
167  0.6372681916012087
168  0.5198714907499093
169  0.7745492137633955
170  0.7221173563998512
171  0.5139395435978823
172  0.5993194404713309
173  0.6197613723006001
174  0.6678083391373516
175  0.7495235726920613
176  0.6684627406784744
177  0.6755201445159527
178  0.6397876454397133
179  0.6735569176063679
180  0.7139904907736385
181  0.6352953283924959
182  0.6220759502596994
183  0.5612164179699606
184  0.5419102518469182
185  0.735493176318783
186  0.6936258691471067
187  0.6103671208187914
188  0.7274804736267608
189  0.7454958477160747
190  0.5715650343893802
191  0.602355686450384
192  0.6167077501556864
193  0.5456297762766403
194  0.49811754984878204
195  0.6263819961391718
196  0.7006683075501517
197  0.6658321398174998
198  0.6638778880618901
199  0.7740573439094546
200  0.6993562008372184
201  0.6144811264971232
202  0.6142537088967155
203  0.810764842385419
204  0.6021309108477083
205  0.6517202883760888
206  0.6677810149351018
207  0.44479813622342923
208  0.7082766811157791
209  0.6388933208825512
210  0.7886519197743974
211  0.6518512716736502
212  0.5916111373944765
213  0.8229469112364537
214  0.47574833091783614
215  0.6089718578828364
216  0.8040847503251074
217  0.6128897486919994
218  0.7304419932026379
219  0.7611106388354968
220  0.5989083505197287
221  0.8124642216428372
222  0.6854186985472288
223  0.7297820498286806
224  0.6378861432526488
225  0.5924687042671781
226  0.7282734047683309
227  0.6753067971735031
228  0.5484123350563522
229  0.600387900926594
230  0.7971055622830064
231  0.6167610641537536
232  0.6926803178083828
233  0.5620071169228368
234  0.8395597156396436
235  0.6942289578904566
236  0.8630843691080731
237  0.506488963217548
238  0.7963359774221189
239  0.5900492098718996
240  0.7751865033550303
241  0.6840380375219968
242  0.7653389859450996
243  0.5121737680997858
244  0.7958412308404158
245  0.7413471332527871
246  0.5858454373974479
247  0.7142577555619342
248  0.6687049314464307
249  0.6759281569361582
250  0.5431373878788116
251  0.7410180497552258
252  0.6926839741823979
253  0.6002201090898601
254  0.6326336747872814
255  0.7515617073507815
256  0.8234417728998285
257  0.7940418583744863
258  0.7388540913726057
259  0.8053053089354775
260  0.6701995595838749
261  0.5892031860368873
262  0.6592607791363495
263  0.7816063522249558
264  0.7342645454454001
265  0.8578876125822957
266  0.702151208914885
267  0.8327970296844182
268  0.684587450224336
269  0.7381031209167407
270  0.64916473124521
271  0.6396680502533744
272  0.7545525218128554
273  0.8265319305837338
274  0.5255548638412053
275  0.5840076348452331
276  0.805223646573661
277  0.7192262181729001
278  0.6802984089637621
279  0.81127463378577
280  0.6028582379509639
281  0.6173964354016589
282  0.5814801007950586
283  0.8059911352834547
284  0.6878994283673459
285  0.5870289098361363
286  0.6466876421973423
287  0.741774270090581
288  0.6896335783784413
289  0.7601089157311575
290  0.6758023334792725
291  0.6230479948473682
292  0.627124701108031
293  0.5313782076583259
294  0.6506130790632115
295  0.7693195731724257
296  0.6472836470464597
297  0.6995612751102209
298  0.6349510320874838
299  0.6174586381191681
300  0.7341240043599281
301  0.5771261837774442
302  0.6105224927431312
303  0.8748267526978957
304  0.7299745290353051
305  0.7398396925989719
306  0.7699888305841642
307  0.6800830944135149
308  0.7056726373953589
309  0.697969813484749
310  0.6968050373854492
311  0.7339964839290977
312  0.5462883966562608
313  0.5672490209145863
314  0.6571942525552821
315  0.5669069919113271
316  0.6079174922557772
317  0.47730324514186
318  0.6928179697895275
319  0.8209363386022392
320  0.8033573020621348
321  0.7523569849566627
322  0.6025097519458265
323  0.6567826973521256
324  0.8028533052613835
325  0.6298605875445539
326  0.6743625877599987
327  0.7200006931635977
328  0.6552973951178199
329  0.7206055166284817
330  0.6916935405070103
331  0.6177421593118688
332  0.7393415067819884
333  0.6391072169645725
334  0.6208012066667266
335  0.6923513692335904
336  0.7982563433822651
337  0.6085043577989889
338  0.6083773487978933
339  0.6600301406361672
340  0.501685100404005
341  0.8072692815093885
342  0.6944233558418343
343  0.8511666240897225
344  0.6552379349996285
345  0.5772037251302623
346  0.6916639342704579
347  0.8033243170175631
348  0.7751151048233852
349  0.5982660091611617
350  0.7470074210010837
351  0.6813261159670184
352  0.7300478963931466
353  0.6618944863935087
354  0.6445381743716984
355  0.5852182129841698
356  0.7156945136293169
357  0.6170031546037961
358  0.6051589075813587
359  0.5011903697227199
360  0.6294282775585774
361  0.6809466861199276
362  0.6057645095541728
363  0.597377820292191
364  0.6547510822401621
365  0.7370001188759573
366  0.6514134569135357
367  0.6637256729834231
368  0.6350650174734489
369  0.7601800278405526
370  0.6430308477459472
371  0.8351589347198135
372  0.5680063416869143
373  0.7573472967455644
374  0.6273280539825836
375  0.7424735465131479
376  0.8676731529568437
377  0.64378934540937
378  0.7000422377316714
379  0.5646763853401414
380  0.549985614263667
381  0.7516096176314059
382  0.6948491795751931
383  0.6976740426354385
384  0.7785794443803805
385  0.6330390466413399
386  0.5415381982864669
387  0.7305097422834228
388  0.761042823308947
389  0.6664752673122223
390  0.7345956917518527
391  0.6835617199774652
392  0.7746359435536784
393  0.541593026554111
394  0.651547512202706
395  0.8356204869539097
396  0.7003247996695094
397  0.7020938684541947
398  0.7755475776929343
399  0.675149431423232
400  0.6248320199951175
401  0.6991369700733857
402  0.7173361567146462
403  0.8022716422649547
404  0.5929040882213643
405  0.7506896901028348
406  0.7649162027899118
407  0.4504455262281308
408  0.5277934734650604
409  0.7563639794765024
410  0.8322152147158829
411  0.5846612637115188
412  0.748751239344308
413  0.6848563692380027
414  0.5513102679183014
415  0.6515961388009448
416  0.6622976396371304
417  0.7971669241212492
418  0.46272647674874134
419  0.6831369032317487
420  0.4239619395890979
421  0.6206631548503511
422  0.6397682687226361
423  0.6510211691211126
424  0.6404385008371942
425  0.624385381457451
426  0.7779189611159044
427  0.6278213453897199
428  0.5897019185617721
429  0.7640348993182061
430  0.7309286916772529
431  0.5343433826246479
432  0.8093013121334409
433  0.5264207759312002
434  0.7073557771236992
435  0.5548098731722981
436  0.7702099629539377
437  0.5416015327487224
438  0.7378676301501707
439  0.6573702654160923
440  0.8381272320922507
441  0.6001849820590188
442  0.7685158239855215
443  0.739888265959218
444  0.6498180885657268
445  0.7796846910587326
446  0.6250685762190619
447  0.6914106542383007
448  0.6495717445128838
449  0.7874478972615399
450  0.5765611361795594
451  0.8138600697135807
452  0.6009403415980714
453  0.7789244461469921
454  0.6581725734953024
455  0.844209471958255
456  0.8143004670248154
457  0.7524424833925131
458  0.7195530129157772
459  0.6954781888079848
460  0.6630299592955298
461  0.7162157009326021
462  0.8373617982398521
463  0.5153613555841332
464  0.6660517817051693
465  0.5572786412929859
466  0.5787977750383805
467  0.5545544616939951
468  0.7538541027813732
469  0.7718757865132616
470  0.6130808964940756
471  0.666067492859166
472  0.6928295021075718
473  0.7269452260189144
474  0.5469634137780736
475  0.729274778785517
476  0.6764086259996359
477  0.5535397042116857
478  0.7856073074958793
479  0.5304484487024567
480  0.7105171265674177
481  0.7887901299399068
482  0.6766472884979313
483  0.6996506239482757
484  0.8113905822764131
485  0.7754649527099432
486  0.5329235431228416
487  0.6677903855508903
488  0.5578569384841908
489  0.762952274287942
490  0.7456553342859488
491  0.6854897574269962
492  0.8081502268553583
493  0.6591274028048894
494  0.7981948165388125
495  0.6076721740028005
496  0.7403206159886114
497  0.6024936517651666
498  0.749458227724143
499  0.6258378592936826
500  0.6396945962560593
501  0.7278324220564993
502  0.7970789931693303
503  0.7909334777954974
504  0.675015671094268
505  0.5661120950276735
506  0.6172434688402039
507  0.5947387149498385
508  0.6582410255299304
509  0.7354334880119754
510  0.8111738051605206
511  0.7888489907402368
512  0.7678227945165759
513  0.7449280848560967
514  0.6105774603701862
515  0.6989251332123224
516  0.6621277596896172
517  0.773877014401176
518  0.6858261564394564
519  0.7462286962756677
520  0.6445156286828487
521  0.6846723234197453
522  0.7334475086868851
523  0.7626829877169715
524  0.7275832019001732
525  0.7161448250404562
526  0.6048945284322116
527  0.5791654391373174
528  0.705302000369694
529  0.6100017961108277
530  0.5945446941652138
531  0.6033719308449997
532  0.6786292750646474
533  0.6929187914249542
534  0.5764457257715483
535  0.6359829489268435
536  0.6521352222858565
537  0.6748698538426628
538  0.8059936074053534
539  0.6723232698645271
540  0.6870224048531487
541  0.6765618438777204
542  0.7462801050107858
543  0.6068252338817383
544  0.6645695230312084
545  0.6270393364468424
546  0.6593731385455192
547  0.6713633792819714
548  0.6164428720603572
549  0.7070766556416196
550  0.594517800400178
551  0.669359631279468
552  0.6269157023293134
553  0.5834851105926634
554  0.8109091468015404
555  0.7157477760664577
556  0.5541778570077119
557  0.729981571760736
558  0.802426374407721
559  0.664300169477199
560  0.7118775803871994
561  0.6915013310411133
562  0.6446939853458775
563  0.5327007022142025
564  0.6726314441301803
565  0.7140543411513948
566  0.6529621146510945
567  0.6124696091573071
568  0.5420778769011164
569  0.5317872893021516
570  0.5932880619245807
571  0.6621470437736199
572  0.6573542973675403
573  0.7236291966101226
574  0.6081415628725528
575  0.651083572453706
576  0.7291849815881289
577  0.7000307185200366
578  0.7557798006052968
579  0.7430252660945033
580  0.5917118963304285
581  0.7195260682930877
582  0.7647931684017379
583  0.6112784140719363
584  0.7706640290607417
585  0.5634924955250259
586  0.6178954607664052
587  0.5456980339670762
588  0.7612059777244912
589  0.8468283190720598
590  0.7127377186607596
591  0.7877423596245915
592  0.6538298819574734
593  0.7342693344705937
594  0.6870515660310416
595  0.590681441013882
596  0.7522104514671111
597  0.6172661216044381
598  0.8113099099254252
599  0.6228711727488582
600  0.7483917354123379
601  0.5451444951801007
602  0.7255582599766025
603  0.5643384809880471
604  0.5579578805800492
605  0.5874579836051662
606  0.5818438261217891
607  0.6974823613953811
608  0.6807232295536269
609  0.7133152248432978
610  0.7562119458942185
611  0.6954554606837284
612  0.7815758719905933
613  0.6884737581923797
614  0.6139137677386511
615  0.6184362923759238
616  0.7586292296826823
617  0.7976920345306041
618  0.803685094969521
619  0.5871201892730712
620  0.7105132193159104
621  0.5969621384712528
622  0.6894518081089699
623  0.6009106853076845
624  0.8044764695164361
625  0.6610387245169347
626  0.7151800547798478
627  0.7427344890302156
628  0.7483325118630791
629  0.5547753111865573
630  0.7763317103062892
631  0.704185142726303
632  0.7400043890021929
633  0.5385517095696297
634  0.6710528381305051
635  0.6672089379110301
636  0.7423178935759807
637  0.6592884670296764
638  0.6657701924274194
639  0.6261843937564936
640  0.7543362292875174
641  0.6597985379817545
642  0.6440179321134273
643  0.7258046573888137
644  0.5286715766673566
645  0.6978128209636604
646  0.71060118945175
647  0.589314737370986
648  0.8054473976155349
649  0.7591839511189745
650  0.6498275703419693
651  0.610662669051237
652  0.7954098225316297
653  0.7803723743750769
654  0.8078171386311048
655  0.748148528565639
656  0.6636772432087574
657  0.6014587054757964
658  0.7748995408098462
659  0.6128409462335783
660  0.7112815164159688
661  0.6499451147609068
662  0.7340500646560315
663  0.7285291157226536
664  0.7114912873063783
665  0.6766977840053818
666  0.6665351923130624
667  0.6171890160563633
668  0.7441615249343307
669  0.6814164331731974
670  0.7255144801813252
671  0.6543316539551564
672  0.6035576963268788
673  0.7551579232918938
674  0.6481380265267253
675  0.6313975526484692
676  0.6580562227870114
677  0.8494746601815173
678  0.6528802555665
679  0.718324931053599
680  0.7581613475936031
681  0.760301975190587
682  0.7768807882130799
683  0.6042072356822327
684  0.627944960333064
685  0.8115289284074549
686  0.6407392478020304
687  0.7004236486407803
688  0.5304091102023377
689  0.7301897691473114
690  0.7925765828419719
