0  429181.2077357731
1  436394.28440697375
2  458184.9605997551
3  377403.11068323936
4  457199.8464972725
5  562134.5212017368
6  458821.0595013039
7  501051.0187280057
8  496457.9768580677
9  472832.24604051426
10  471617.81166358886
11  428225.4479387661
12  378965.7490392184
13  487555.56938142364
14  437843.83082579775
15  311218.2122775111
16  350511.7369905232
17  395463.6330288764
18  422477.14730631426
19  429661.3498429886
20  412140.921764425
21  356647.4762343385
22  391251.5754090337
23  432811.29113969905
24  385590.9042247724
25  337524.36751721776
26  395010.22029054153
27  393860.50954503997
28  479355.3104996662
29  375010.3551290655
30  358198.4679218875
31  378164.694062568
32  388595.37403611484
33  357656.23739813693
34  468927.720386844
35  588584.4155145821
36  406131.1404289722
37  396243.6338278542
38  463565.1642757391
39  394103.99239466665
40  408578.03081529215
41  344181.14990528766
42  407407.3814335335
43  545542.0629492649
44  423586.4378049131
45  357949.43885676656
46  454343.1949293363
47  307074.42400591634
48  363987.22041338496
49  502627.5259944157
50  352486.40214874723
51  468618.91356766084
52  437161.06835219666
53  332334.56755033106
54  437484.0488386713
55  395890.37055446964
56  400086.6448226013
57  380715.32959504053
58  435859.25666615297
59  490189.0332424581
60  458451.6442350557
61  366166.3798023993
62  529884.3164014509
63  404049.1559891108
64  622350.3190608583
65  373581.8595396945
66  416521.1004320519
67  416598.24852280226
68  367316.3644170875
69  392422.28452809964
70  388588.60169475526
71  397022.8177854649
72  528569.2075822594
73  519547.448357431
74  432115.0635863093
75  437009.8868342888
76  373511.4456481652
77  355924.61827423476
78  364797.2299227321
79  537084.461810404
80  376948.9515544188
81  434616.059922927
82  470063.69469615095
83  505216.98171545094
84  501062.19249580294
85  498479.55682746443
86  419373.69364084455
87  536434.6471757541
88  326590.6338461544
89  424328.6999322126
90  561943.5757142744
91  420352.8882563142
92  374599.6425021102
93  502635.9001647553
94  392220.8526439142
95  322090.1324944446
96  369171.5741280882
97  477550.6391739012
98  433971.4073207241
99  424235.2104201149
100  506583.9349502759
101  389049.51732348354
102  498997.98273869377
103  437732.6814212189
104  422929.02862045716
105  449017.4478128882
106  491672.4659181547
107  481167.8668365028
108  509340.1582336161
109  371272.73170051095
110  451003.17283813166
111  368335.72641897306
112  349094.2628269689
113  470853.2351196991
114  376113.247934497
115  605772.6535289875
116  413914.86572112935
117  449119.2536267288
118  532864.5561068708
119  516357.29397081246
120  516869.24442630995
121  377921.02702001645
122  370768.705504558
123  371541.7453756394
124  383548.44477813673
125  474920.5236803925
126  455943.6788505216
127  368053.24327503337
128  497573.0176106269
129  510463.6479757435
130  444192.0342066937
131  503507.9588028415
132  412091.40033049416
133  423135.47298898885
134  396083.8766948746
135  512541.08351264975
136  337611.1836633724
137  525113.8860294309
138  341387.0894498186
139  467492.5276133501
140  363559.74747023295
141  472073.70095379034
142  444716.8070321659
143  383845.18300067284
144  409415.2698206062
145  471126.4711459701
146  407136.31807077804
147  422869.60070008575
148  387504.97688097355
149  433687.12437257485
150  371291.8255108427
151  386956.9843159944
152  439342.5788864832
153  531321.9355081461
154  427801.16861932667
155  486735.3969820016
156  432129.81705128367
157  457272.8409153334
158  336498.2922026719
159  447508.73409852106
160  498537.80846902326
161  415397.02499464067
162  447539.0115758295
163  427504.8895586552
164  464817.66327428026
165  568085.3211207929
166  489379.5581374011
167  534068.5684932332
168  445010.96020222007
169  494084.1734757802
170  407243.61765807454
171  579006.4408678086
172  485137.5073161962
173  369159.4464651949
174  424538.890730659
175  388958.28807707515
176  619706.9450034386
177  377933.7144511767
178  367540.9952101831
179  652417.8822041643
180  476144.25403575634
181  436356.76278970385
182  392641.870368788
183  324354.23810166994
184  454518.77392820455
185  478931.1949186892
186  345687.72377053497
187  405221.2269619815
188  454128.206621662
189  417810.2361029207
190  361007.7379029781
191  433337.97558881243
192  568586.0806434939
193  368893.54175739107
194  431122.3289510154
195  427021.5651577624
196  400687.4616810833
197  281472.38744127477
198  493327.9698266892
199  415214.5947409228
200  320028.59025021375
201  397816.5207942308
202  415578.12016219326
203  578613.0814607574
204  446412.28746575344
205  416057.1380517435
206  363686.81885792885
207  380812.4953071212
208  435590.92662019795
209  412019.3478332299
210  543659.126077051
211  480921.3300231519
212  541836.7451815638
213  496400.4010099664
214  500646.8323114852
215  445058.740872261
216  444262.0121143559
217  398403.9552744653
218  374571.0480358013
219  360678.47852771654
220  372388.3176372026
221  433697.8251335358
222  463711.48302901414
223  308604.06693015323
224  356843.81025814964
225  372660.29880230303
226  363303.76712695806
227  508009.1254904274
228  478769.1161512894
229  385804.0936821252
230  407528.41295595677
231  325465.4517598838
232  456427.8227218372
233  421619.7051915942
234  398564.57815184345
235  485620.0734156162
236  474641.6067368411
237  489010.67636349687
238  380267.6868604228
239  432305.4096828258
240  404298.73886045604
241  417230.0914335593
242  691311.5780363195
243  460444.4920232125
244  395860.54260112473
245  471721.7326370182
246  395756.4767256962
247  470402.26802039053
248  336411.79543464864
249  411110.6650999383
250  418844.37964501954
251  616258.1445267223
252  345250.09857980034
253  405390.75688016333
254  339602.5187075038
255  346625.8404840022
256  503781.52242347697
257  455540.4268760615
258  485503.5168537124
259  463793.0075355803
260  436840.69864023034
261  460501.071304849
262  490641.7071685435
263  418035.6459075962
264  433170.4487466786
265  457130.45135723054
266  448075.69609924
267  461459.3914810413
268  357804.01856892044
269  503041.6798204628
270  530931.793672743
271  428142.9200815127
272  445509.7598091355
273  453123.8285859147
274  392871.6509917168
275  465267.2854203201
276  419974.1302052081
277  387307.7397872438
278  387143.5090792569
279  425411.95945079473
280  325015.95549934264
281  539564.9747149859
282  495952.00949890696
283  422916.542975605
284  376032.24230549316
285  592767.4823169031
286  406423.0540466354
287  403914.26872373314
288  481162.8770515481
289  364532.2666786573
290  338160.0473330823
291  411629.9853270062
292  519791.2536462459
293  490113.60177575727
294  475376.7781025404
295  301319.7614161273
296  560431.3764650911
297  460943.6745145811
298  595584.7916445786
299  446151.80719742447
300  459950.72140306665
301  296959.9239468851
302  384111.66217534075
303  363755.8312337621
304  371404.78357589885
305  411129.33175789396
306  422358.97952107183
307  470066.05701306404
308  472353.112535983
309  407942.37492202094
310  523871.5125196685
311  479615.3203292284
312  554621.2997367292
313  364453.9639234544
314  370608.8564611492
315  513118.7261991678
316  354380.1824061306
317  340421.55897147115
318  463892.0695934043
319  548870.592626083
320  510807.1888382464
321  403340.53842777305
322  431691.59953535045
323  339699.80936590675
324  552711.6367804352
325  390266.2617446546
326  422684.08889006183
327  462736.3141991738
328  492777.07559559424
329  483671.3747800027
330  458324.4810354044
331  417613.72149512754
332  506687.71586109675
333  533793.1797467973
334  386812.6558793865
335  427734.80840848165
336  388347.3426287264
337  492122.5971189141
338  405675.6852617715
339  406036.8664266991
340  528253.327944604
341  447051.3066718896
342  483465.4954911701
343  553761.0656580911
344  411060.54560119344
345  527849.2838681927
346  511819.98560629325
347  440931.6354846712
348  469960.3298880543
349  423573.8028588456
350  403985.85512745567
351  388618.6713875198
352  407156.8337068679
353  413222.88453567156
354  371012.39122423786
355  379888.8730244996
356  386720.1604185486
357  426458.5168264003
358  411768.6253153485
359  351558.40605508524
360  523226.9325809891
361  498630.481047048
362  579191.681176631
363  403567.7191538559
364  365404.38586077973
365  371460.94349829474
366  709413.798953843
367  410201.93619807326
368  433968.1301376841
369  454854.04640072107
370  441392.0598423133
371  463471.24430832395
372  340161.8225416753
373  420433.0158683701
374  439225.29306552745
375  476445.0800693338
376  411139.09749954334
377  383962.29782413284
378  416254.3930156563
379  490518.13944820384
380  348478.28654498595
381  540051.252837802
382  516480.58190522704
383  419288.8400748736
384  449013.1288051966
385  473631.0502138542
386  461297.2662350888
387  368557.77200897527
388  462725.49416953075
389  494422.5804601341
390  618028.6307301575
391  359821.2697816645
392  461423.28520403325
393  413607.0835362935
394  397092.332128985
395  414561.2309787524
396  393822.9673576633
397  447334.8722250644
398  451120.1980932158
399  420256.33905933204
400  370243.2686259426
401  421359.9383523131
402  395661.2068402244
403  377901.4613988623
404  409477.5245993565
405  473061.3141336901
406  476216.4340168579
407  393840.8233979627
408  409533.6963296109
409  452016.2932648908
410  475403.3517302497
411  347501.9701883569
412  416103.4870175028
413  339737.42215224495
414  526575.966143383
415  422066.8311978348
416  442532.0632799944
417  531699.5984550742
418  474587.26363902556
419  485544.97274666827
420  471541.61548507464
421  347715.00077350263
422  389623.77822872443
423  433520.92708641506
424  487952.9255307504
425  465536.80035471503
426  466850.6384871401
427  376978.24965157296
428  344134.84122080344
429  534915.309932536
430  436338.86079844716
431  456927.0577702327
432  468637.79845994315
433  448767.99321274296
434  391407.09834220936
435  413455.8271962566
436  501679.71424267255
437  464145.44797504944
438  454240.53340024955
439  329921.07082671236
440  402499.7381892739
441  483401.73503188964
442  382239.7001230018
443  436920.4900360366
444  367116.4970007677
445  432083.3650034557
446  438072.39680069266
447  411436.72054981266
448  368462.03472811385
449  381781.7905544179
450  419488.96139211557
451  489974.0915212948
452  562371.9029746803
453  382427.1877123277
454  354593.4203553344
455  456756.2076681624
456  405278.7776544879
457  451842.40785604727
458  407560.5757152284
459  468808.7819757317
460  424812.5454385717
461  467582.20774689195
462  367270.06692329736
463  455721.62273261143
464  356451.712811437
465  322322.33482004295
466  495799.4226314393
467  584319.6251628415
468  432314.4809914187
469  459638.21683414606
470  469557.10570728255
471  490046.0317044385
472  370112.9319537893
473  391126.0633569514
474  443444.77121576224
475  338164.3574499893
476  378748.5613679525
477  417818.98774176894
478  436156.911765089
479  488698.1975214636
480  505340.02871967637
481  595360.2044674159
482  430338.9027909897
483  412064.2388288734
484  301710.13252915
485  487846.57246992004
486  400441.16080955206
487  438688.44145303004
488  337877.1893181998
489  434873.66650172294
490  404093.22514541046
491  314492.8874750458
492  418304.480449915
493  428395.6955991105
494  414780.1677455659
495  473726.63934194227
496  507294.2615956721
497  378963.6689121212
498  401272.4551183351
499  479426.8544934929
500  335193.33708632767
501  394001.5176009779
502  421821.42908438103
503  412869.11548501474
504  487450.78822211875
505  570399.8161685979
506  546558.0347422035
507  451282.74419615197
508  441018.96771256917
509  375854.72927720787
510  454500.33521581633
511  398823.8173043373
512  515795.1972470805
513  498905.1624371635
514  346258.40819993394
515  402968.4376167838
516  429757.1727906164
517  430100.4952688328
518  367439.7506276923
519  475876.7520712328
520  455755.83622077206
521  396937.2150859139
522  444098.2821817721
523  481797.0906105966
524  424865.3350705586
525  400542.233545313
526  485437.47010772536
527  477798.95988637226
528  425373.3347204389
529  435597.9476191748
530  573679.4820152348
531  424756.05166946753
532  386735.87814559316
533  394147.5261939188
534  456672.629625934
535  621296.9583741887
536  432632.84118504135
537  398314.6288964662
538  368506.5786507917
539  469034.2748764836
540  417426.17852142104
541  491704.6527332312
542  470981.94726177433
543  540848.6288337585
544  469262.12088566425
545  496359.29480107536
546  354676.3412203275
547  472344.96943110577
548  553000.6997999845
549  364620.839854482
550  507129.4553465608
551  387616.5400004939
552  521398.95858297596
553  445516.3729984518
554  357433.3847012449
555  415259.7910127191
556  605176.1802994034
557  398758.8863219528
558  468297.5497620815
559  430421.9029143655
560  481527.2359605564
561  338590.4028199532
562  441112.206477227
563  445519.9524727879
564  446520.3031678953
565  562742.4977958435
566  457579.55487820704
567  347837.0606888247
568  417520.52079135657
569  491924.81862658856
570  405727.8397760497
571  354029.02940500504
572  402614.3408602368
573  462142.98859485623
574  359521.0800785759
575  387812.13048304454
576  475110.12901258207
577  335954.3453651359
578  418379.0411164295
579  409185.2547987796
580  348024.7475379576
581  385758.7398279789
582  437165.5329041085
583  500285.56247506023
584  463999.0042354203
585  440082.79959033115
586  349362.3846299378
587  347926.70793165715
588  329236.909156961
589  442165.0365165795
590  434624.262447204
591  461038.3342176689
592  426180.6128652819
593  408631.97572534275
594  392331.3273559948
595  393533.64659949666
596  442827.09186155896
597  432481.86521838536
598  381968.149566905
599  370770.8431569652
600  316784.1556187739
601  513240.36565871973
602  431604.1629282802
603  465079.3885732667
604  373109.3392080167
605  397789.544817618
606  468688.23597899365
607  491112.15341813106
608  348382.98726263497
609  433277.26818528667
610  426729.2651732339
611  383700.6689385037
612  378936.3814024952
613  332585.6028193003
614  444442.0630115572
615  434148.9332471943
616  416844.2645994561
617  370136.910304054
618  516008.9702681912
619  384517.9459200634
620  501524.3307524902
621  353773.38234558504
622  473266.3258369827
623  515830.64695150027
624  445458.7206929528
625  393144.04488227237
626  511201.60314557445
627  499167.07578406285
628  519405.4842905492
629  365851.83079555904
630  513040.4382577017
631  393132.82205593295
632  526415.5738454986
633  392955.09917882085
634  393032.8849876181
635  436886.4389591109
636  451376.7756996277
637  359532.40757743234
638  348392.7554303274
639  395477.71424365614
640  460389.3237454721
641  373968.0323094701
642  490254.2204952143
643  466265.0582773936
644  416127.046039741
645  371236.76002094045
646  399537.5316780373
647  324751.9284866416
648  413303.6554871865
649  359218.7109251046
650  403340.0878208532
651  466328.45632358675
652  474889.82489760313
653  284534.8529874021
654  493240.2676232646
655  338008.6758896182
656  370558.55123235774
657  386261.12716198416
658  470489.4361797522
659  374684.26199946343
660  425435.74088400346
661  379361.44749078143
662  438566.982637936
663  416493.95943333773
664  456779.50476072985
665  491376.8487885366
666  322588.24092876003
667  487922.9051873028
668  397311.09994199034
669  490425.01160815073
670  531707.396544944
671  537798.6024900984
672  345954.50941057876
673  453477.9580394275
674  411067.8912249209
675  454468.4971679988
676  435426.6232799664
677  388639.8210039877
678  436036.87730405387
679  482515.2014141965
680  333909.9663556216
681  438472.09774684877
682  494125.92586054537
683  326975.38911598874
684  310740.86068739375
685  455365.3186351349
686  436567.61448492587
687  400828.0061317795
688  360240.8858815122
689  401644.114226827
690  307866.024608428
691  475945.0721570916
692  354390.4046664889
693  348366.1153057446
694  345457.93328339566
695  372201.5435429311
696  434097.2738697828
697  345785.87738093873
698  423195.51667677733
699  526143.8322156112
700  413405.5755551209
701  507564.7437461964
702  445265.1234830369
703  382023.77520937787
704  354225.5126425611
705  465427.3922973714
706  540159.6392042172
707  373539.2060452426
708  453652.09744482115
709  330892.4204597707
710  366977.16928712756
711  472786.9816715948
712  396706.69749655377
713  535461.7096856678
714  383260.0134733466
715  418645.89210344304
716  408164.2785959756
717  457209.7204631921
718  503440.33093249507
719  446839.54110704653
720  517874.3635453279
721  445438.0967965189
722  589043.5166068613
723  450131.10518562736
724  476736.5040905003
725  502276.3224339994
726  370632.549124824
727  477148.5848054602
728  378428.5588414847
729  310007.05011437304
730  439100.9397048109
731  510189.2352600486
732  496256.14627549384
733  401905.57339153043
734  433394.3604125378
735  440427.549650374
736  421757.899358655
737  306534.9087088901
738  438250.22038062825
739  454847.2578977122
740  467939.4010282735
741  423904.4104112416
742  485410.687801556
743  473811.1902512445
744  463050.3843277538
745  431964.6127289147
746  414682.857418461
747  514361.7524132303
748  349953.2726271005
749  410552.3844509465
750  426138.6501015752
751  459309.9218102773
752  509200.7754109323
753  479615.9461053186
754  583391.9268603069
755  355769.2669250805
756  519758.09473755746
757  476637.32002148824
758  383267.0684922768
759  399436.8990883933
760  373240.5052458083
761  526622.3541240148
762  445417.855399005
763  485280.58804181276
764  447012.3328736173
765  566224.0639172567
766  513745.49987778673
767  391033.6972166721
768  385526.0022521764
769  370713.900854861
770  433235.1523634064
771  423746.08470158256
772  441546.16673671093
773  394319.13083660026
774  491396.5714201904
775  384169.4146697109
776  427710.702684538
777  477575.3912840445
778  477479.0445295987
779  353370.47098416206
780  458567.15650900005
781  536294.2250048436
782  471751.20337442687
783  385759.31322177965
784  343366.77932922624
785  360788.55538301833
786  457445.30466637237
787  366235.57429479965
788  408508.7157616856
789  377740.5007247571
790  399227.19360788725
791  374973.20487356785
792  517207.25656584126
793  488227.9366994258
794  400319.9688812578
795  506778.5204477558
796  425472.6150117455
797  418951.13010950136
798  517568.45376393734
799  445615.5881820246
800  401614.11814587086
801  432441.9608072689
802  358347.8309219818
803  382427.24649101193
804  395599.69670886884
805  409105.28914933954
806  550773.3569631631
807  597302.4518525784
808  470658.7715235817
809  476147.63498113735
810  431849.0593230148
811  351096.7939435327
812  535060.4455199119
813  609035.2629338929
814  357999.75782112725
815  370915.66991342494
816  422826.8534623501
817  452753.4449131532
818  395479.3688013002
819  459892.91510501003
820  391525.01201494515
821  348194.52050025924
822  428202.56713345775
823  493367.1364508745
824  479211.07566232426
825  445705.822603534
826  452380.6451187228
827  438137.8629727772
828  405060.09796736867
829  522955.5401853559
830  529115.3278042867
831  390687.34735228296
832  456118.43331936724
833  415098.3207076172
834  384243.1078081734
835  441277.79164488125
836  343613.990666921
837  444967.70269530755
838  465714.40043458424
839  497329.9649297499
840  593532.2313140093
841  543011.479521181
842  433473.67688994796
843  468544.47890983097
844  352142.37982085696
845  341725.55406141275
846  478612.4036781833
847  422759.3972855013
848  367781.0090645638
849  471820.47203356423
850  447004.03250010003
851  324764.3183629301
852  392055.7516070965
853  364290.5595583773
854  446434.4389756472
855  386905.55472888506
856  415021.3271719245
857  524535.6417828242
858  444690.38191447017
859  487675.0355257267
860  406086.20078249706
861  468760.3002814856
862  494803.1853204555
863  364935.6338849014
864  399637.4417202447
865  556078.6035783619
866  408173.753674918
867  476888.187404201
868  422831.58669105486
869  356836.4561990803
870  596184.7888031233
871  467274.22998292337
872  392936.9266417017
873  382189.15956757555
874  453588.32516855706
875  324660.4339086086
876  533955.964714754
877  425472.4564837533
878  447375.1837760662
879  493741.1793133015
880  430556.80345692486
881  397631.71035870106
882  337657.8333905629
883  380631.51218501263
884  379313.3751719659
885  425460.92927800445
886  426469.9464260406
887  423323.88842937595
888  441855.45144818356
889  492622.29502576776
890  508672.16858342226
891  378276.441978439
892  336916.8410868535
893  419576.303740115
894  482771.5284066207
895  441679.4380250218
896  421248.7970881836
897  341014.0827955291
898  528138.3275553557
899  361305.81070201984
900  422605.8048737066
901  342158.2071571455
902  392879.04613800097
903  422173.5999347536
904  628285.5148199194
905  472702.6836156483
906  393170.3958613946
907  378517.4506262985
908  497917.75124744227
909  355206.1773652297
910  481282.12697088456
911  396991.01888048206
912  397201.3566793263
913  355992.9159030784
914  309626.30642673175
915  470686.46811109636
916  427489.79613263044
917  333820.18176083034
918  405926.7018013216
919  481034.7215177879
920  520106.8105010364
921  342579.30615489057
922  398865.28180424974
923  383110.36687656504
924  392676.6083556646
925  537873.7334639765
926  365913.4175645204
927  435762.9781760711
928  339809.58682734246
929  436587.3038771205
930  398079.6927563243
931  501765.6340995841
932  430333.36502639134
933  402060.9858868393
934  447885.80085346545
935  323251.8465248558
936  432481.16353790625
937  374895.4301811463
938  513540.87239181285
939  383165.17132692045
940  456811.3777181988
941  396995.1823727091
942  425402.3003952049
943  464709.05695310794
944  357130.9798298115
945  416467.4860308574
946  497568.79455197445
947  458957.79002469743
948  432083.1265208812
949  501914.73713918205
950  376821.8096177279
951  334892.5082311916
952  358320.0208507002
953  354535.7950874725
954  423611.27674575057
955  478448.03569934255
956  445860.9225418215
957  363968.7629074369
958  401435.2506078771
959  461802.11669243727
