0.953125  0.6314336970110572 12.389963296253862 0.9289478199560747
0.96875  0.5535239253000872 12.249897373953653 0.9493728559176673
1.0  0.5585305368334852 12.330062199502027 0.9486370565871352
0.984375  0.5281768967539294 12.272482220668651 0.9007462881283637
0.984375  0.598662304298758 12.351518538872108 0.9238694219826296
0.984375  0.5687555964321709 12.291758457565301 0.9364602051512428
1.0  0.5903504417213478 12.370409092878079 0.9249844866000526
1.0  0.5297440264696275 12.224831483497766 0.9101875533184496
0.984375  0.5736063914219993 12.26395429286226 0.9110648261591658
1.0  0.5725136659155161 12.299435133532992 0.9337987400585671
0.96875  0.5669160569111784 12.265026762240042 0.9220436763184405
0.96875  0.5849867071722206 12.311535009603942 0.9387921215751405
0.984375  0.6011941677591335 12.364005481867453 0.9320968983410021
0.96875  0.5402657428222453 12.187010487094026 0.9431060946391135
0.96875  0.5667890364854988 12.23499607751512 0.9479726652191275
